Mozilla/5.0 (Macintosh; Intel Mac OS X 10_9_5) AppleWebKit/537.36 (KHTML, like Gecko) Chrome/45.0.2454.93 Safari/537.36

 standard_deviation

 standard_deviation_mean
	0	0.0211	-0.0843

 standard_deviation
	0	0.0001	0.0009

 slope_aggression
	0	0.0132	0.0352

 sum
	0	1.7079	6.7392

 raw
		0	0.0437	-0.0518
		0	0.0236	-0.1235
		0	0.0194	-0.0757
		0	0.0315	-0.0757
		0	0.0395	-0.0438
		0	0.0119	-0.0757
		0	0.0236	-0.0757
		0	0.0317	-0.0359
		0	0.0275	-0.1076
		0	-0.008	-0.1553
		0	0.0235	-0.1076
		0	0.0111	-0.0757
		0	0.0192	-0.0837
		0	0.0233	-0.0917
		0	0.0274	-0.0757
		0	0.0039	-0.1156
		0	0.0235	-0.1156
		0	0.0315	-0.0678
		0	0.0396	-0.0359
		0	0.0275	-0.0757
		0	0.0235	-0.0678
		0	0.0314	-0.0917
		0	0.0079	-0.0757
		0	0.0598	-0.0119
		0	0.0039	-0.1235
		0	0.0275	-0.0678
		0	-0.0008	-0.1076
		0	0.0079	-0.1076
		0	0.0314	-0.0279
		0	0.0314	-0.0678
		0	0.0115	-0.1156
		0	0.0199	-0.0917
		0	0.0436	-0.0279
		0	0.0274	-0.0837
		0	0.0274	-0.1474
		0	0.0192	-0.0438
		0	0.0317	-0.0917
		0	0.0315	-0.0837
		0	0.0079	-0.1156
		0	0.0111	-0.0678
		0	0.0115	-0.0837
		0	0.0079	-0.1315
		0	0.0113	-0.0678
		0	0.0199	-0.0837
		0	0.0196	-0.0678
		0	0.0315	-0.0917
		0	0.0272	-0.0757
		0	0.0236	-0.1156
		0	0.0035	-0.0917
		0	0.0075	-0.0678
		0	0.0439	-0.0518
		0	0.0236	-0.0518
		0	0.0199	-0.0837
		0	0.0192	-0.1076
		0	0.0395	-0.0039
		0	0.0194	-0.1156
		0	0.0113	-0.1632
		0	0.0042	-0.1474
		0	0.0276	-0.0678
		0	0.0272	-0.0678
		0	0.0115	-0.0518
		0	0.0399	-0.0518
		0	0.0315	-0.0917
		0	0.0194	-0.1235
		0	0.0236	-0.1076
		0	0.0276	-0.0518
		0	0.0115	-0.1076
		0	0.0115	-0.1474
		0	0.0275	-0.0518
		0	-0.0005	-0.0837
		0	0.0236	-0.0917
		0	0.0115	-0.0917
		0	0.0039	-0.0678
		0	0.0115	-0.0678
		0	0.0276	-0.0837
		0	0.0035	-0.0837
		0	0.0073	-0.0917
		0	0.0079	-0.1156
		0	0.0236	-0.1076
		0	0.0315	-0.0518
		0	0.0275	-0.0837


 element
wave