Mozilla/5.0 (Linux; Android 5.0.2; XT1034 Build/LXB22.46-32) AppleWebKit/537.36 (KHTML, like Gecko) Chrome/45.0.2454.94 Mobile Safari/537.36

 standard_deviation

 standard_deviation_mean
	-0.0004	-0.0009	0.0212

 standard_deviation
	0.0001	0	0.0001

 slope_aggression
	0.0107	0.0053	0.0137

 sum
	0.7624	0.3074	1.7935

 raw
		-0.0112	-0.0042	0.0211
		0.0032	-0.0083	0.029
		0.0043	-0.0042	0.0211
		0.0082	0.004	0.0291
		-0.007	-0.0069	0.0208
		0.0108	0.0104	0.0295
		0.0029	-0.001	0.0372
		-0.0202	0.0004	0.0043
		-0.0045	0.0017	0.0293
		-0.0118	0.0004	0.0126
		0.0007	0.004	0.0291
		-0.0039	0.0018	0.0043
		0.0293	-0.0074	0.0532
		0.0079	0.0026	0.029
		0.0051	-0.001	0.0207
		0.008	0.0054	0.021
		0.0046	0.0003	0.0291
		0.0076	0.0004	0.0208
		0.0073	0.0004	0.0208
		0.0097	0.0067	0.0295
		0.0024	0.0039	0.0374
		-0.0254	0.0031	0.0044
		-0.0171	-0.0023	0.0041
		0.0148	0.0076	0.0374
		0.0054	-0.0019	0.021
		0.0158	0.0112	0.0291
		0.0128	-0.0096	0.037
		0.0119	0.0017	0.0376
		0.0058	0.0013	0.0206
		0.0004	0.0062	0.0207
		-0.0061	-0.0033	0.0126
		0.0028	0.0017	0.021
		0.0163	-0.001	0.029
		0.0028	-0.0037	0.0286
		-0.0078	-0.001	0.029
		-0.0169	-0.0069	0.0126
		-0.0171	-0.0056	0.021
		-0.0098	0.0017	0.0127
		0.0064	0.0031	0.0295
		0.005	-0.001	0.029
		-0.0051	-0.0056	0.0127
		0.0026	-0.0099	0.0202
		-0.0038	-0.001	0.0207
		0.0033	-0.001	0.029
		-0.0053	-0.001	0.0042
		0.0171	0.0076	0.0291
		0.0208	0.0076	0.0374
		-0.0095	-0.001	0.0124
		0.0072	-0.0047	0.0372
		-0.0099	-0.0019	0.0127
		-0.0114	0.0017	0.0127
		-0.0119	-0.0083	0.0207
		-0.0093	-0.0033	0.0208
		-0.0064	0.0004	0.0208
		0.0045	-0.001	0.029
		-0.0035	-0.0093	0.0127
		0.0048	0.0022	0.0203
		-0.0182	-0.0073	0.004
		0.006	-0.002	0.0293
		0.0061	0.0004	0.0126
		0.0083	0.0004	0.0208
		0.0293	-0.0061	0.0534
		0.0167	-0.0047	0.0372
		0.0047	-0.0093	0.0293
		-0.0116	-0.0019	0.0127
		-0.0085	0.0004	0.0208
		-0.0021	-0.0106	0.0208
		-0.011	-0.0015	0.0045
		-0.0109	0.004	-0.0123
		-0.0043	-0.0056	0.0127
		-0.018	-0.0069	0.0126
		-0.0084	-0.0066	0.0213
		0.0003	-0.0033	0.0126
		0.0025	-0.001	0.0042
		0.0173	0.0031	0.0295
		0.0178	0.0053	0.046
		-0.0174	-0.0037	0.0122
		-0.0352	0.0004	-0.0123
		-0.0001	-0.0043	0.0295
		0.0001	0.0026	0.0207
		-0.0303	0.0068	-0.0207


 element
wave