Mozilla/5.0 (Macintosh; Intel Mac OS X 10_9_5) AppleWebKit/537.36 (KHTML, like Gecko) Chrome/45.0.2454.93 Safari/537.36

 standard_deviation

 standard_deviation_mean
	0	0.0196	-0.0734

 standard_deviation
	0	0.0002	0.0013

 slope_aggression
	0	0.0171	0.0424

 sum
	0	1.6411	5.9019

 raw
		0	0.0398	-0.0398
		0	0.0204	-0.0318
		0	0.0124	-0.1036
		0	0.0037	-0.1116
		0	0.0644	0.0081
		0	0.0204	-0.1036
		0	0.0078	-0.0957
		0	0.0244	-0.0318
		0	-0.0003	-0.1434
		0	0.0239	-0.0797
		0	0.012	-0.0957
		0	0.0124	-0.0957
		0	-0.0001	-0.0797
		0	0.0044	-0.1036
		0	0.0084	-0.1355
		0	0.0241	-0.0717
		0	0.0199	-0.0797
		0	0.0241	-0.0638
		0	0.0321	-0.0239
		0	0.028	-0.0957
		0	-0.0075	-0.1434
		0	0.0239	-0.0957
		0	0.0116	-0.0638
		0	0.0084	-0.0717
		0	0.0241	-0.0638
		0	0.0116	-0.0797
		0	-0.0112	-0.0398
		0	0.04	-0.0239
		0	0.012	-0.0638
		0	0.0284	-0.0318
		0	0.0244	-0.0318
		0	0.0044	-0.0638
		0	0.0114	-0.0638
		0	0.0084	-0.0638
		0	0.0603	0.0001
		0	0.0044	-0.1116
		0	0.028	-0.0558
		0	-0.0003	-0.0957
		0	0.0084	-0.0957
		0	0.0319	-0.0159
		0	0.0319	-0.0558
		0	0.012	-0.1036
		0	0.0204	-0.0797
		0	0.0441	-0.0159
		0	0.0278	-0.0717
		0	0.0278	-0.1355
		0	0.0197	-0.0318
		0	0.0321	-0.0797
		0	0.012	-0.0957
		0	0.0084	-0.0957
		0	0.0084	-0.0717
		0	0.0199	-0.0797
		0	0.0044	-0.0957
		0	0.012	-0.0638
		0	0.0239	-0.1036
		0	0.0238	-0.0717
		0	0.0084	0.024
		0	0.0404	-0.0398
		0	0.04	-0.0239
		0	0.04	-0.0558
		0	0.0324	-0.0717
		0	0.0118	-0.0558
		0	0.012	-0.0957
		0	0.0239	-0.0398
		0	0.04	-0.0638
		0	0.0118	-0.0717
		0	0.0401	-0.0558
		0	0.0118	-0.1514
		0	0.0046	-0.1355
		0	0.0281	-0.0558
		0	0.0007	-0.1514
		0	0.032	-0.0717
		0	0.028	-0.0797
		0	-0.0112	-0.0797
		0	0.008	-0.1434
		0	0.0482	-0.0318
		0	0.0197	-0.0717
		0	0.0319	-0.0398
		0	0.012	-0.1355
		0	0.028	-0.0398
		0	0.012	-0.1036


 element
wave