Mozilla/5.0 (Macintosh; Intel Mac OS X 10_9_5) AppleWebKit/537.36 (KHTML, like Gecko) Chrome/45.0.2454.93 Safari/537.36

 standard_deviation

 standard_deviation_mean
	0	0.0033	-0.1057

 standard_deviation
	0	0.0001	0.0011

 slope_aggression
	0	0.0154	0.0351

 sum
	0	0.8755	8.4574

 raw
		0	0.004	-0.0877
		0	0.0403	-0.0239
		0	-0.0204	-0.1433
		0	0.0038	-0.1354
		0	-0.0042	-0.1433
		0	-0.0002	-0.1036
		0	-0.0001	-0.1354
		0	0.0082	-0.1116
		0	0.0038	-0.1116
		0	-0.0155	-0.0957
		0	0.0038	-0.1036
		0	-0.0121	-0.1829
		0	0.0362	-0.0957
		0	0.0037	-0.1116
		0	-0.0157	-0.1116
		0	-0.0164	-0.1275
		0	-0.0354	-0.1433
		0	0.0038	-0.1275
		0	0.0078	-0.1036
		0	-0.0046	-0.175
		0	0.004	-0.1275
		0	0.0038	-0.0957
		0	0.0079	-0.0558
		0	0.016	-0.1036
		0	0.0038	-0.0957
		0	0.004	-0.1036
		0	0.024	-0.0877
		0	0.02	-0.0718
		0	0.0002	-0.0877
		0	0.0038	-0.1116
		0	0.0037	-0.0957
		0	0.0036	-0.1275
		0	0.0201	-0.0638
		0	0.0079	-0.0558
		0	-0.0121	-0.1275
		0	-0.0042	-0.1513
		0	0.0161	-0.0239
		0	0.016	-0.1275
		0	-0.0041	-0.1116
		0	-0.0036	-0.1116
		0	-0.0046	-0.1433
		0	0.016	-0.0957
		0	-0.0161	-0.1433
		0	0.016	-0.0638
		0	0.008	-0.0638
		0	0.0201	-0.1513
		0	-0.0125	-0.1354
		0	0.0281	-0.016
		0	-0.0123	-0.1036
		0	-0.0197	-0.0957
		0	-0.0117	-0.1354
		0	0.0037	-0.1036
		0	0.0159	-0.0957
		0	0.004	-0.1433
		0	-0.0046	-0.1513
		0	0.0161	-0.1433
		0	0.0158	-0.0479
		0	-0.0044	-0.1036
		0	0.016	-0.0877
		0	0.0082	-0.0957
		0	0.0083	-0.0957
		0	-0.0044	-0.0957
		0	0.0281	-0.0319
		0	-0.0157	-0.0877
		0	0.0079	-0.1354
		0	0.0079	-0.1275
		0	-0.0003	-0.1116
		0	0.004	-0.1036
		0	0.0082	-0.1036
		0	-0.0161	-0.1354
		0	0.0038	-0.0558
		0	0.02	-0.1036
		0	-0.0166	-0.1354
		0	-0.0038	-0.1513
		0	0.0077	-0.1116
		0	0.008	-0.1036
		0	-0.0044	-0.1275
		0	0.0161	-0.0479
		0	0.008	-0.0638
		0	-0.0123	-0.1036
		0	0.0079	-0.1036


 element
wave