Mozilla/5.0 (Macintosh; Intel Mac OS X 10_9_5) AppleWebKit/537.36 (KHTML, like Gecko) Chrome/45.0.2454.93 Safari/537.36

 standard_deviation

 standard_deviation_mean
	0	-0.0072	-0.0816

 standard_deviation
	0	0.0001	0.0009

 slope_aggression
	0	0.0148	0.0368

 sum
	0	0.9683	6.5162

 raw
		0	-0.0119	-0.0997
		0	-0.008	-0.0598
		0	-0.0196	-0.0837
		0	-0.0041	-0.0837
		0	0.0203	-0.0039
		0	-0.0244	-0.0837
		0	-0.0201	-0.1076
		0	-0.0079	-0.0997
		0	-0.0233	-0.0997
		0	-0.0124	-0.1474
		0	-0.0038	-0.0997
		0	-0.004	-0.0678
		0	0.0001	-0.0279
		0	0.0082	-0.0757
		0	-0.004	-0.0678
		0	-0.0121	-0.0997
		0	0.0082	-0.0358
		0	-0.0001	-0.0757
		0	0.008	-0.0757
		0	-0.0242	-0.0997
		0	0.0084	-0.0438
		0	-0.0236	-0.1235
		0	-0.0403	-0.0757
		0	-0.0236	-0.1235
		0	-0.0273	-0.1553
		0	-0.0079	-0.0678
		0	0.0082	0.0041
		0	0.0082	-0.0997
		0	-0.0119	-0.0837
		0	-0.0114	-0.0837
		0	-0.0124	-0.1156
		0	0.0082	-0.0678
		0	-0.024	-0.1156
		0	0.0082	-0.0358
		0	0.0002	-0.0358
		0	0.0123	-0.1235
		0	-0.0203	-0.1076
		0	-0.02	-0.0678
		0	-0.0201	-0.0757
		0	-0.0275	-0.0678
		0	-0.0196	-0.1076
		0	-0.0041	-0.0757
		0	0.0081	-0.0678
		0	-0.0038	-0.1156
		0	-0.0124	-0.1235
		0	0.0082	-0.1156
		0	0.008	-0.0199
		0	-0.0122	-0.0757
		0	0.0082	-0.0598
		0	0.0004	-0.0678
		0	0.0005	-0.0678
		0	-0.004	-0.0997
		0	-0.0315	-0.0997
		0	-0.0121	-0.0678
		0	-0.0079	-0.1235
		0	0.0001	-0.0997
		0	-0.02	-0.1235
		0	0.0002	-0.0757
		0	-0.0119	-0.0997
		0	0.0001	-0.0678
		0	-0.0196	-0.0757
		0	-0.0038	-0.1156
		0	0.0082	-0.0279
		0	0.0122	-0.0997
		0	-0.0076	-0.0598
		0	-0.004	-0.0678
		0	-0.0236	-0.0837
		0	-0.004	-0.0598
		0	0.0082	-0.0757
		0	-0.0121	-0.0997
		0	0.0082	-0.0438
		0	0.0163	-0.0598
		0	0.0001	-0.0279
		0	-0.0323	-0.0997
		0	-0.004	-0.1394
		0	0.0202	-0.0358
		0	-0.0079	-0.0598
		0	-0.0201	-0.0837
		0	-0.0315	-0.1156
		0	-0.0042	-0.0678
		0	-0.0273	-0.0997


 element
wave