Mozilla/5.0 (Linux; Android 5.0.2; XT1034 Build/LXB22.46-32) AppleWebKit/537.36 (KHTML, like Gecko) Chrome/45.0.2454.94 Mobile Safari/537.36

 standard_deviation

 standard_deviation_mean
	-0.0133	-0.0061	0.0062

 standard_deviation
	0.0001	0	0.0002

 slope_aggression
	0.0119	0.0079	0.016

 sum
	1.1628	0.581	1.0413

 raw
		0	-0.0001	0.0291
		-0.0113	0.0051	0.0043
		-0.0074	-0.011	0.0125
		-0.001	-0.0027	0.0121
		0.0025	-0.0037	0.0208
		0.0025	0.0009	0.0204
		-0.0048	-0.0014	0.0123
		-0.0321	-0.0113	-0.0127
		-0.0044	-0.0124	0.0289
		-0.0059	-0.0064	0.0204
		-0.0247	-0.0049	-0.0209
		-0.0162	-0.0054	-0.0128
		-0.0175	-0.0109	-0.0125
		-0.0168	-0.0146	0.0041
		-0.015	-0.0173	0.0038
		-0.0259	-0.0132	-0.0041
		-0.0104	-0.0113	0.0037
		-0.0118	-0.005	0.004
		-0.0044	-0.0073	0.0208
		-0.0365	0.0023	-0.0292
		-0.0179	-0.0067	-0.0047
		0.003	0.0022	0.0206
		-0.032	-0.0122	-0.0126
		-0.0216	-0.0123	0.004
		-0.0254	-0.0022	-0.0041
		-0.0088	-0.0149	0.0119
		-0.0144	0.0015	-0.0041
		-0.0274	-0.0149	-0.0127
		-0.001	-0.0037	0.0208
		-0.0107	0.0051	-0.0041
		0.0137	-0.0065	0.0451
		-0.0242	-0.0086	-0.0043
		-0.0154	-0.0027	0.0038
		-0.0229	-0.0086	-0.0043
		-0.0169	-0.0126	0.0036
		-0.0162	-0.005	0.004
		-0.0173	-0.0013	0.004
		-0.021	-0.0162	-0.0046
		-0.0017	-0.0064	0.0204
		-0.0023	0.0073	0.0208
		-0.0065	-0.006	0.021
		0.0017	-0.0051	0.0289
		-0.0087	-0.0123	0.0123
		0.0067	-0.0005	0.0284
		-0.022	-0.0172	-0.0044
		-0.0169	-0.0036	0.0041
		-0.0242	-0.0036	-0.0042
		-0.0072	-0.005	0.0206
		-0.0191	-0.0041	0.0037
		-0.0186	-0.0109	0.0041
		-0.0228	-0.0013	-0.0209
		-0.0046	0.0023	0.004
		-0.008	-0.0123	0.004
		-0.0341	-0.0139	-0.021
		-0.0162	-0.005	0.004
		-0.0078	-0.0077	0.0202
		-0.0081	-0.0246	0.0204
		-0.0212	0.0001	-0.0042
		-0.0071	-0.005	0.0123
		-0.008	-0.005	0.0206
		-0.0087	-0.0087	0.0289
		-0.0152	-0.0173	0.0286
		-0.0125	-0.005	0.0206
		-0.032	-0.0059	-0.0125
		-0.0164	-0.0045	0.0044
		0.0077	-0.0197	0.0289
		-0.0057	0.0023	0.004
		-0.0076	-0.0036	0.0125
		-0.0141	-0.0013	0.004
		-0.0203	0.0004	0.0034
		-0.0232	0.0023	0.004
		-0.0318	-0.0013	-0.0126
		-0.0271	-0.0049	-0.0209
		-0.0025	-0.0064	0.0204
		-0.031	-0.0271	-0.0046
		-0.0134	0.0073	0.0041
		0.003	0.0013	0.0293
		-0.0337	-0.0099	-0.0209
		-0.0115	0	0.0041
		-0.0138	-0.0109	0.0041
		0.0049	0.0065	0.0128


 element
wave