Mozilla/5.0 (Macintosh; Intel Mac OS X 10_9_5) AppleWebKit/537.36 (KHTML, like Gecko) Chrome/45.0.2454.93 Safari/537.36

 standard_deviation

 standard_deviation_mean
	0	0.034	-0.0996

 standard_deviation
	0	0.0001	0.001

 slope_aggresion
	0	0.0129	0.0383

 sum
	0	2.7295	7.9332

 raw
		0	0.0514	-0.0797
		0	0.0311	-0.0797
		0	0.0473	-0.0638
		0	0.0316	-0.1275
		0	0.0391	-0.1434
		0	0.0309	-0.0797
		0	0.0156	-0.0877
		0	0.0356	-0.0478
		0	0.0148	-0.1434
		0	0.0079	-0.1751
		0	0.0351	-0.1036
		0	0.0392	-0.0877
		0	0.0196	-0.0877
		0	0.0271	-0.1275
		0	0.0313	-0.0638
		0	0.019	-0.1275
		0	0.0396	-0.0638
		0	0.0152	-0.1434
		0	0.0196	-0.0957
		0	0.039	-0.0877
		0	0.0396	-0.1592
		0	0.031	-0.0797
		0	0.031	-0.0558
		0	0.0396	-0.1354
		0	0.0352	-0.0957
		0	0.0349	-0.1275
		0	0.0514	-0.0558
		0	0.0313	-0.1195
		0	0.031	-0.0797
		0	0.0391	-0.0877
		0	0.0472	-0.0877
		0	0.0186	-0.0478
		0	0.0316	-0.1195
		0	0.039	-0.0957
		0	0.0158	-0.1036
		0	0.0313	-0.1195
		0	0.0311	-0.1354
		0	0.0352	-0.0797
		0	0.0352	-0.0797
		0	0.0474	-0.0478
		0	0.0555	-0.0478
		0	0.0352	-0.1036
		0	0.0391	-0.1434
		0	0.0594	-0.1036
		0	0.0473	-0.0797
		0	0.0273	-0.1354
		0	0.0072	-0.1751
		0	0.0555	-0.0558
		0	0.0309	-0.1036
		0	0.0514	-0.0797
		0	0.0472	-0.1434
		0	0.0271	-0.0638
		0	0.0675	-0.0797
		0	0.0393	-0.0877
		0	0.0393	-0.0957
		0	0.0393	-0.0638
		0	0.0473	-0.1434
		0	0.0192	-0.0957
		0	0.0352	-0.0877
		0	0.039	-0.0638
		0	0.0269	-0.0558
		0	0.0356	-0.1195
		0	0.0188	-0.0797
		0	0.0198	-0.1671
		0	0.0473	-0.1354
		0	0.0313	-0.1195
		0	0.0396	-0.0797
		0	0.0554	-0.0478
		0	0.0391	-0.0877
		0	0.0152	-0.1195
		0	0.0271	-0.1354
		0	0.0273	-0.1036
		0	0.0276	-0.1195
		0	0.0353	-0.0877
		0	0.0273	-0.1275
		0	0.0392	-0.0877
		0	0.0356	-0.0797
		0	0.0392	-0.1195
		0	0.0273	-0.1036
		0	0.0148	-0.0797
		0	0.0311	-0.1275


 element
wave