Mozilla/5.0 (iPhone; CPU iPhone OS 7_1_2 like Mac OS X) AppleWebKit/537.51.2 (KHTML, like Gecko) Version/7.0 Mobile/11D257 Safari/9537.53

 standard_deviation

 standard_deviation_mean
	0.2508	-0.6058	0.7539

 standard_deviation
	0.0088	0.0516	0.4275

 slope_aggression
	0.0037	0.0086	0.0248

 sum
	20.0334	48.3738	79.8381

 raw
		0	-0.0001	-0.9885
		0	-0.0001	-0.9885
		0	-0.0001	-0.9885
		0	-0.0001	-0.9885
		0	-0.0001	-0.9885
		0	-0.0001	-0.9885
		0	-0.0001	-0.9885
		0	-0.0001	-0.9885
		0	-0.0001	-0.9885
		0	-0.0001	-0.9885
		0.2901	-0.688	0.9993
		0.2894	-0.6896	0.9993
		0.289	-0.6898	0.9993
		0.2884	-0.6904	0.9993
		0.2881	-0.6906	0.9993
		0.2877	-0.6905	0.9993
		0.2876	-0.6904	0.9993
		0.2873	-0.6903	0.9993
		0.2873	-0.6904	0.9993
		0.2872	-0.6906	0.9993
		0.287	-0.6906	0.9993
		0.287	-0.6908	0.9993
		0.2866	-0.6908	0.9993
		0.2866	-0.6908	0.9993
		0.2862	-0.6908	0.9993
		0.2864	-0.6908	0.9993
		0.2862	-0.691	0.9993
		0.2859	-0.6908	0.9993
		0.2858	-0.6909	0.9993
		0.2857	-0.6908	0.9993
		0.2858	-0.6909	0.9993
		0.2855	-0.6912	0.9993
		0.2855	-0.6911	0.9993
		0.2856	-0.6912	0.9993
		0.2857	-0.6911	0.9993
		0.2857	-0.6912	0.9993
		0.2855	-0.6912	0.9993
		0.2856	-0.6913	0.9993
		0.2856	-0.6914	0.9993
		0.2857	-0.6913	0.9993
		0.2858	-0.6913	0.9993
		0.2858	-0.6913	0.9993
		0.2859	-0.6914	0.9993
		0.2859	-0.6915	0.9993
		0.286	-0.6916	0.9993
		0.286	-0.6914	0.9993
		0.286	-0.6914	0.9993
		0.286	-0.6915	0.9993
		0.2859	-0.6914	0.9993
		0.2858	-0.6914	0.9993
		0.2857	-0.6914	0.9993
		0.2856	-0.6915	0.9993
		0.2855	-0.6914	0.9993
		0.2856	-0.6913	0.9993
		0.2855	-0.6914	0.9993
		0.2856	-0.6913	0.9993
		0.2857	-0.6913	0.9993
		0.286	-0.6915	0.9993
		0.286	-0.6915	0.9993
		0.286	-0.6915	0.9993
		0.286	-0.6913	0.9993
		0.2857	-0.6914	0.9993
		0.2856	-0.6914	0.9993
		0.2856	-0.6914	0.9993
		0.2856	-0.6914	0.9993
		0.2854	-0.6915	0.9993
		0.2854	-0.6914	0.9993
		0.2852	-0.6913	0.9993
		0.2853	-0.6912	0.9993
		0.2853	-0.6913	0.9993
		0.2855	-0.6913	0.9993
		0.2856	-0.6914	0.9992
		0.2856	-0.6913	0.9993
		0.2856	-0.6913	0.9993
		0.2858	-0.6916	0.9993
		0.2856	-0.6916	0.9993
		0.2857	-0.6916	0.9993
		0.2858	-0.6916	0.9993
		0.2859	-0.6915	0.9993
		0.2861	-0.6915	0.9993
		0.2863	-0.6913	0.9993


 element
celluar