Mozilla/5.0 (Macintosh; Intel Mac OS X 10_9_5) AppleWebKit/537.36 (KHTML, like Gecko) Chrome/45.0.2454.93 Safari/537.36

 standard_deviation

 standard_deviation_mean
	0	-0.0076	-0.0773

 standard_deviation
	0	0.0001	0.0016

 slope_aggresion
	0	0.017	0.0421

 sum
	0	1.0129	6.2279

 raw
		0	-0.0314	-0.0198
		0	-0.012	-0.0518
		0	0.008	-0.0917
		0	0.008	-0.0518
		0	-0.0077	-0.0198
		0	0.0201	-0.0598
		0	-0.0077	-0.0677
		0	-0.004	-0.1076
		0	-0.0081	-0.0598
		0	-0.0235	-0.0677
		0	-0.008	-0.0518
		0	0.0202	-0.0598
		0	-0.0201	-0.1076
		0	-0.0241	-0.1076
		0	0.008	-0.0917
		0	-0.0473	-0.1315
		0	0.0123	-0.0917
		0	-0.0001	-0.0198
		0	-0.0436	-0.1395
		0	0.0161	-0.1076
		0	-0.0197	-0.0757
		0	-0.0042	-0.0996
		0	-0.0274	-0.0757
		0	-0.004	-0.0757
		0	-0.0197	-0.1474
		0	-0.008	-0.0677
		0	-0.0117	-0.0677
		0	-0.0041	-0.0358
		0	-0.0201	-0.1076
		0	-0.008	-0.1076
		0	-0.0201	-0.0198
		0	0.0003	-0.0358
		0	-0.0042	-0.0677
		0	-0.0077	-0.0757
		0	-0.0197	-0.1076
		0	-0.0117	-0.0598
		0	-0.0037	-0.0757
		0	-0.0117	-0.0598
		0	-0.0117	-0.0598
		0	0.0003	0.0121
		0	-0.0044	-0.0996
		0	-0.0041	-0.0917
		0	-0.0001	-0.0198
		0	0.0118	-0.0119
		0	-0.0117	-0.1315
		0	-0.0037	-0.1156
		0	-0.0197	-0.0996
		0	0.0283	-0.0278
		0	0.0001	-0.1554
		0	-0.0235	-0.1076
		0	-0.0002	0.0121
		0	-0.012	-0.1315
		0	-0.0081	-0.0757
		0	0.0161	-0.0198
		0	-0.0201	-0.0278
		0	-0.0195	-0.1076
		0	0.0001	-0.0996
		0	-0.0081	-0.0598
		0	0.0122	-0.0598
		0	-0.0001	-0.1554
		0	-0.0195	-0.1474
		0	-0.0203	-0.0757
		0	0.012	-0.0198
		0	0.0121	-0.0278
		0	-0.0316	-0.1554
		0	-0.0241	-0.1554
		0	-0.012	-0.0518
		0	0.0001	-0.0518
		0	-0.0122	-0.0358
		0	-0.0115	-0.0757
		0	-0.008	-0.0996
		0	0.0122	-0.0518
		0	-0.0081	-0.0757
		0	-0.0077	-0.0996
		0	-0.0237	-0.1076
		0	-0.004	-0.0917
		0	-0.008	-0.0677
		0	0.0081	-0.0358
		0	-0.0241	-0.1554
		0	-0.0041	-0.0996
		0	-0.012	-0.0757


 element
wave