Mozilla/5.0 (Macintosh; Intel Mac OS X 10_9_5) AppleWebKit/537.36 (KHTML, like Gecko) Chrome/45.0.2454.93 Safari/537.36

 standard_deviation

 standard_deviation_mean
	0	0.0026	-0.0777

 standard_deviation
	0	0.0002	0.0012

 slope_aggresion
	0	0.0182	0.039

 sum
	0	0.9154	6.228

 raw
		0	0.0036	-0.0957
		0	-0.0038	-0.0638
		0	-0.0121	-0.0957
		0	0.016	-0.0558
		0	0.0202	-0.0957
		0	0.0079	-0.0239
		0	-0.0356	-0.1434
		0	0.024	-0.1116
		0	-0.0117	-0.0797
		0	0.0037	-0.1036
		0	-0.0195	-0.0797
		0	0.004	-0.0797
		0	-0.0117	-0.1514
		0	-0.0325	-0.0957
		0	0.004	-0.0638
		0	-0.0001	-0.0398
		0	0.0281	-0.0318
		0	0.008	-0.0318
		0	0.0002	-0.0957
		0	0.0082	-0.0398
		0	0.0037	-0.0717
		0	0.0159	-0.0318
		0	0.0281	-0.0159
		0	-0.0155	-0.0239
		0	0.0402	-0.1036
		0	-0.0036	-0.0638
		0	0.024	-0.0797
		0	0.02	-0.0398
		0	-0.0008	-0.0957
		0	0.004	-0.1036
		0	-0.0197	-0.1593
		0	0.0038	-0.0558
		0	0.024	-0.0797
		0	-0.0164	-0.0558
		0	0.0242	-0.0159
		0	-0.0117	-0.1355
		0	0.0002	-0.1116
		0	-0.0042	-0.0957
		0	0.0002	-0.1355
		0	0.0038	-0.1593
		0	-0.0002	-0.0797
		0	-0.0002	-0.0159
		0	-0.0121	-0.0318
		0	-0.0038	-0.0797
		0	0.008	-0.1036
		0	-0.0001	-0.0717
		0	0.0079	-0.0318
		0	0.0079	-0.1593
		0	-0.0155	-0.0638
		0	0.0038	-0.0558
		0	-0.0164	-0.1116
		0	-0.0157	-0.0797
		0	-0.0002	-0.1355
		0	-0.0235	-0.0717
		0	-0.0044	-0.0797
		0	0.004	-0.0638
		0	0.0078	-0.1116
		0	-0.0002	-0.0558
		0	-0.0168	-0.1196
		0	-0.0002	-0.0638
		0	0.0079	-0.0717
		0	-0.0038	-0.0558
		0	0.0079	-0.0558
		0	-0.0038	-0.0957
		0	0.0201	-0.0558
		0	-0.0041	-0.0638
		0	0.0161	-0.0797
		0	-0.0002	-0.0638
		0	0.0201	-0.0717
		0	0.0038	-0.0318
		0	-0.0001	-0.0797
		0	-0.0115	-0.0558
		0	-0.0038	-0.0797
		0	0.024	-0.0398
		0	0.0036	-0.0717
		0	0.0161	-0.0717
		0	0.0362	-0.0638
		0	-0.0202	-0.1116
		0	0.0282	-0.0797
		0	0.0161	-0.1355
		0	0.0079	-0.0638


 element
wave