Mozilla/5.0 (Macintosh; Intel Mac OS X 10_9_5) AppleWebKit/537.36 (KHTML, like Gecko) Chrome/45.0.2454.99 Safari/537.36

 standard_deviation

 standard_deviation_mean
	0	-0.0259	-0.1018

 standard_deviation
	0	0.0001	0.0011

 slope_aggression
	0	0.0128	0.0376

 sum
	0	2.0965	8.1398

 raw
		0	-0.0158	-0.1434
		0	-0.0359	-0.1275
		0	-0.0279	-0.1195
		0	-0.0281	-0.0797
		0	0.0039	-0.0797
		0	-0.0313	-0.0877
		0	-0.0281	-0.0957
		0	-0.0353	-0.0797
		0	-0.0281	-0.0558
		0	-0.0281	-0.1434
		0	-0.016	-0.0797
		0	-0.0482	-0.0638
		0	0.0081	-0.0159
		0	-0.0158	-0.0797
		0	-0.0281	-0.1354
		0	-0.0201	-0.0957
		0	-0.0365	-0.1195
		0	-0.0281	-0.0877
		0	-0.0468	-0.1671
		0	-0.012	-0.0877
		0	-0.0322	-0.0877
		0	-0.0319	-0.1592
		0	-0.0281	-0.0797
		0	-0.0313	-0.1195
		0	-0.016	-0.0638
		0	-0.0322	-0.1036
		0	-0.0201	-0.1275
		0	-0.0319	-0.1195
		0	-0.0319	-0.1751
		0	-0.0359	-0.1275
		0	-0.0526	-0.1354
		0	-0.0399	-0.1434
		0	-0.0281	-0.0877
		0	-0.0359	-0.1195
		0	-0.0198	-0.0638
		0	-0.0319	-0.1275
		0	-0.0362	-0.0957
		0	-0.0201	-0.1671
		0	-0.0313	-0.1036
		0	-0.0201	-0.1195
		0	-0.0479	-0.1275
		0	-0.016	-0.0478
		0	-0.0201	-0.0957
		0	-0.0281	-0.0638
		0	-0.0322	-0.1195
		0	-0.012	-0.0638
		0	-0.0154	-0.0957
		0	-0.0399	-0.1036
		0	-0.0279	-0.1434
		0	-0.0359	-0.1434
		0	-0.0319	-0.0797
		0	-0.0313	-0.1036
		0	-0.0082	-0.0558
		0	-0.0279	-0.1195
		0	-0.0158	-0.0797
		0	-0.0284	-0.0638
		0	-0.0203	-0.0797
		0	-0.0392	-0.0638
		0	-0.016	-0.0558
		0	-0.0193	-0.0478
		0	-0.0322	-0.1275
		0	-0.0319	-0.1275
		0	-0.0359	-0.1195
		0	-0.0279	-0.1195
		0	-0.016	-0.1275
		0	-0.0002	-0.0797
		0	-0.0201	-0.0797
		0	-0.0163	-0.1195
		0	-0.0002	-0.0558
		0	-0.0198	-0.0558
		0	-0.0158	-0.1434
		0	-0.0273	-0.0638
		0	-0.0319	-0.0877
		0	-0.0365	-0.1434
		0	-0.0201	-0.0957
		0	-0.016	-0.1434
		0	-0.0284	-0.0638
		0	-0.0325	-0.0638
		0	-0.016	-0.1434
		0	-0.0322	-0.1592
		0	-0.0203	-0.1036


 element
wave