Mozilla/5.0 (Linux; Android 5.1; XT1034 Build/LPB23.13-57) AppleWebKit/537.36 (KHTML, like Gecko) Chrome/45.0.2454.94 Mobile Safari/537.36

 standard_deviation

 standard_deviation_mean
	-0.0222	0.0019	0.0084

 standard_deviation
	0.0004	0	0.0002

 slope_aggression
	0.0206	0.008	0.0169

 sum
	2.0162	0.4788	1.1689

 raw
		0	0	0.0124
		-0.0323	-0.0022	0.0126
		-0.029	0.0107	-0.0042
		-0.0674	-0.0066	-0.0294
		0.01	0.0007	0.0128
		-0.0052	-0.0037	0.0208
		-0.0343	0.0014	0.0042
		-0.013	0.0071	0.0124
		-0.0079	0.0058	0.0213
		-0.0284	-0.0087	0.0206
		-0.017	-0.0051	0.0206
		-0.052	-0.0239	0.0031
		-0.0148	0	0.0124
		-0.003	0.0167	-0.0041
		0.0096	0.0064	0.0211
		0.0083	0.0006	0.037
		0.0152	0.007	0.0374
		-0.0572	-0.0043	-0.029
		-0.003	-0.0001	0.0208
		0.0072	0.0071	0.0291
		-0.0184	0.005	0.0126
		-0.0141	0.005	0.0126
		-0.0087	0.0007	0.0212
		-0.051	-0.0022	-0.0125
		-0.0293	0.0065	0.0043
		-0.0078	0.0035	0.0374
		-0.0223	0.0122	0.0042
		-0.0096	0.0035	0.0124
		-0.0238	0.0094	-0.0125
		-0.05	-0.008	-0.0041
		-0.0501	0.008	-0.0125
		-0.0316	0.005	0.0126
		-0.0351	-0.0059	0.0293
		-0.0209	0.0064	0.0295
		-0.0435	0.0057	0.0123
		-0.0447	0.005	-0.0042
		-0.0013	0.005	0.0126
		-0.0218	0.0007	-0.0041
		-0.0181	0.0078	-0.0125
		-0.0238	-0.0051	0.0123
		-0.0277	-0.0036	0.0124
		-0.02	-0.0059	0.0209
		-0.0243	0.0021	0.004
		-0.003	0.0157	0.0126
		-0.0107	-0.0023	0.0293
		-0.006	0.0035	0.0291
		-0.0381	0.0065	0.0043
		-0.0195	0.0013	0.0293
		-0.0738	-0.0036	-0.0125
		-0.0615	0.0071	-0.0042
		-0.0357	0.0101	-0.0041
		-0.0229	-0.0001	0.0208
		0.005	0.0115	0.0043
		-0.0269	0.0101	-0.021
		-0.001	0.0042	0.0122
		0.0178	-0.0037	0.0208
		0.0143	0.0029	0.0043
		0.0194	0.0116	-0.0125
		-0.0198	0.0029	-0.0125
		-0.0319	-0.0008	0.0043
		-0.0262	0.0101	0.0043
		-0.0236	-0.0008	0.0211
		-0.0639	-0.0072	-0.0042
		-0.0195	-0.0095	0.0126
		0.0157	-0.0023	0.0376
		-0.0343	-0.0123	0.0123
		-0.0466	-0.0209	0.0122
		-0.0141	0.0065	0.0127
		-0.0329	0.005	-0.0042
		-0.006	-0.0059	0.0209
		-0.0267	0.0122	-0.0209
		-0.0303	0	0.0124
		-0.0529	0.0029	-0.0041
		-0.0238	0.005	0.0126
		-0.0323	0.0094	0.0044
		-0.0339	-0.0015	0.004
		-0.0087	0.008	-0.0041
		-0.0259	-0.0073	0.0291
		-0.0584	-0.0022	-0.0042
		-0.0235	0.0116	-0.0125
		-0.0211	0.0086	0.0126


 element
wave