Mozilla/5.0 (Macintosh; Intel Mac OS X 10_9_5) AppleWebKit/537.36 (KHTML, like Gecko) Chrome/45.0.2454.93 Safari/537.36

 standard_deviation

 standard_deviation_mean
	0	-0.0032	-0.0991

 standard_deviation
	0	0.0001	0.0012

 slope_aggression
	0	0.0146	0.0424

 sum
	0	0.8191	7.9334

 raw
		0	0.004	-0.0797
		0	-0.0521	-0.1909
		0	0.0041	-0.0399
		0	0.0037	-0.1116
		0	-0.0162	-0.0877
		0	-0.0002	-0.0957
		0	-0.0315	-0.1116
		0	-0.0043	-0.0877
		0	0.0078	-0.1195
		0	-0.0122	-0.0957
		0	0.0001	-0.0957
		0	-0.0162	-0.1275
		0	0.0201	-0.0079
		0	0.016	-0.0478
		0	-0.024	-0.1116
		0	0.0242	-0.0718
		0	0.0201	-0.0718
		0	-0.0124	-0.1116
		0	0.02	-0.0797
		0	0.024	-0.0319
		0	-0.0003	-0.0718
		0	0.016	-0.0877
		0	-0.024	-0.1116
		0	-0.0044	-0.0957
		0	-0.013	-0.1116
		0	-0.0162	-0.1275
		0	-0.0044	-0.0957
		0	0.0079	-0.0478
		0	-0.0048	-0.1354
		0	0.0037	-0.0399
		0	0.0078	-0.0718
		0	0.0241	-0.0558
		0	-0.0041	-0.1116
		0	-0.0202	-0.1195
		0	-0.0126	-0.0877
		0	0.008	-0.0399
		0	-0.0043	-0.1513
		0	-0.0043	-0.0957
		0	-0.0043	-0.0957
		0	-0.0002	-0.1513
		0	-0.0116	-0.0718
		0	-0.0122	-0.0957
		0	-0.0041	-0.0957
		0	-0.0041	-0.1513
		0	0.016	-0.0957
		0	-0.0002	-0.0957
		0	0.0037	-0.0877
		0	-0.0164	-0.1354
		0	0.0004	-0.0957
		0	0.004	-0.0877
		0	-0.0361	-0.1751
		0	-0.0202	-0.1513
		0	-0.012	-0.1275
		0	-0.0043	-0.0079
		0	0.0037	-0.1354
		0	-0.0202	-0.0718
		0	0.0039	-0.0877
		0	0.0039	-0.1195
		0	0.0037	-0.1195
		0	-0.0041	-0.1195
		0	0.0004	-0.1354
		0	0.0001	-0.0558
		0	0.004	-0.1354
		0	-0.0036	-0.1116
		0	-0.0002	-0.0718
		0	-0.0202	-0.1593
		0	-0.0039	-0.0877
		0	-0.0196	-0.1513
		0	-0.0041	-0.1116
		0	0.0079	-0.1195
		0	0.0041	-0.1116
		0	0.0039	-0.0797
		0	-0.0164	-0.0957
		0	-0.0122	-0.1195
		0	-0.0002	-0.0957
		0	0.016	-0.0558
		0	-0.0001	-0.0877
		0	-0.0041	-0.1593
		0	0.0001	-0.0718
		0	-0.016	-0.1116
		0	-0.0156	-0.0877


 element
wave