Mozilla/5.0 (Macintosh; Intel Mac OS X 10_9_5) AppleWebKit/537.36 (KHTML, like Gecko) Chrome/45.0.2454.93 Safari/537.36

 standard_deviation

 standard_deviation_mean
	0	0.006	-0.0946

 standard_deviation
	0	0.0001	0.0013

 slope_aggression
	0	0.0134	0.0424

 sum
	0	0.8327	7.6149

 raw
		0	0.008	-0.0757
		0	0.0159	-0.0917
		0	0.0197	-0.0917
		0	0.0282	-0.0438
		0	-0.0001	-0.1474
		0	0.0121	-0.0279
		0	-0.0202	-0.1315
		0	-0.0041	-0.1235
		0	0.0161	-0.1156
		0	0.0079	-0.1156
		0	0.0122	-0.1156
		0	0.0079	-0.1156
		0	-0.0124	-0.1076
		0	-0.0039	-0.0518
		0	0.0199	-0.0518
		0	-0.0039	-0.1156
		0	0.0077	-0.0917
		0	0.0121	-0.0438
		0	-0.0199	-0.1474
		0	0.0159	-0.0359
		0	-0.0002	-0.0757
		0	-0.0001	-0.0678
		0	0.0119	-0.1235
		0	-0.0035	-0.0837
		0	0.02	-0.0837
		0	0.0202	-0.0359
		0	0.0079	-0.1474
		0	0.0079	-0.0917
		0	0.0079	-0.0917
		0	0.0119	-0.1474
		0	0.0005	-0.0678
		0	-0.0001	-0.0917
		0	0.008	-0.0917
		0	-0.0191	-0.1156
		0	0.0118	-0.1076
		0	0.0161	-0.0837
		0	-0.0079	-0.1315
		0	-0.0043	-0.1315
		0	0.008	-0.0837
		0	0.0161	-0.0837
		0	0.008	-0.0917
		0	0.0005	-0.1076
		0	0.0079	-0.0757
		0	-0.0039	-0.1315
		0	-0.0202	-0.0917
		0	0.0322	-0.0678
		0	0.0159	-0.0757
		0	0.016	-0.0359
		0	0.0161	-0.0757
		0	-0.0079	-0.1474
		0	-0.0002	-0.1474
		0	0.016	-0.0917
		0	-0.0001	-0.0438
		0	-0.0039	-0.1553
		0	0.0119	-0.0917
		0	-0.0043	-0.1553
		0	-0.0004	-0.1076
		0	-0.0041	-0.0678
		0	0.0322	-0.0279
		0	-0.0041	-0.1315
		0	0.008	-0.0837
		0	0.0281	-0.0438
		0	0.0119	-0.1553
		0	-0.0001	-0.1156
		0	0.016	-0.0518
		0	-0.0084	-0.1076
		0	-0.0001	-0.1156
		0	-0.0081	-0.1076
		0	-0.0079	-0.1235
		0	-0.0039	-0.1076
		0	0.0001	-0.1076
		0	0.0282	-0.0757
		0	0.0077	-0.1553
		0	0.0077	-0.0837
		0	0.0082	-0.1712
		0	-0.0039	-0.1156
		0	0.0115	-0.0119
		0	-0.0035	-0.0917
		0	0.02	-0.0678
		0	0.0118	-0.0279
		0	0.02	-0.0438


 element
wave