Mozilla/5.0 (iPhone; CPU iPhone OS 7_1_2 like Mac OS X) AppleWebKit/537.51.2 (KHTML, like Gecko) Version/7.0 Mobile/11D257 Safari/9537.53

 standard_deviation

 standard_deviation_mean
	-0.001	0.0008	0.0299

 standard_deviation
	0	0	0

 slope_aggression
	0.0001	0	0.0001

 sum
	0.1111	0.0699	2.3971

 raw
		0	-0.0001	0.0269
		0	-0.0001	0.0269
		0	-0.0001	0.0269
		0	-0.0001	0.0269
		0	-0.0001	0.0269
		0	-0.0001	0.0269
		0	-0.0001	0.0269
		0	-0.0001	0.0269
		0	-0.0001	0.0269
		0	-0.0001	0.0269
		0.0034	0.0002	0.0274
		0.003	0.0001	0.0273
		0.0024	0.0002	0.0289
		0.0023	0.0003	0.0294
		0.002	0.0004	0.0296
		0.0013	0.0008	0.0297
		0.001	0.0007	0.0299
		0.0006	0.0009	0.0303
		0.0003	0.001	0.0304
		0.0001	0.0014	0.031
		-0.0001	0.0015	0.0314
		-0.0002	0.0013	0.0311
		-0.0005	0.0011	0.0308
		-0.0005	0.0011	0.0308
		-0.0005	0.0011	0.0312
		-0.0005	0.0014	0.0312
		-0.0007	0.0013	0.032
		-0.0008	0.0013	0.032
		-0.0007	0.0015	0.0319
		-0.0008	0.0011	0.0316
		-0.0008	0.0012	0.0315
		-0.0008	0.0012	0.0313
		-0.0008	0.0013	0.0312
		-0.0009	0.0013	0.0317
		-0.001	0.0013	0.0318
		-0.0011	0.0012	0.0316
		-0.0013	0.0013	0.0316
		-0.0014	0.0013	0.0315
		-0.0016	0.0012	0.0314
		-0.0016	0.0012	0.0314
		-0.0017	0.0011	0.0314
		-0.0018	0.0011	0.0311
		-0.0018	0.0011	0.0311
		-0.0018	0.0012	0.0313
		-0.0017	0.0013	0.0312
		-0.0017	0.001	0.0309
		-0.0019	0.001	0.0307
		-0.0018	0.0011	0.0305
		-0.0017	0.0011	0.0304
		-0.0017	0.001	0.0303
		-0.0018	0.0009	0.0301
		-0.0018	0.001	0.0301
		-0.0017	0.0009	0.0298
		-0.0018	0.0008	0.0296
		-0.002	0.0008	0.0296
		-0.002	0.0008	0.0294
		-0.0018	0.0008	0.0294
		-0.002	0.0008	0.0294
		-0.002	0.0008	0.0294
		-0.0021	0.0008	0.0292
		-0.0022	0.0009	0.0295
		-0.0023	0.001	0.0296
		-0.0021	0.0009	0.0301
		-0.0021	0.001	0.0301
		-0.0022	0.0008	0.0301
		-0.0021	0.0007	0.0303
		-0.0021	0.0008	0.0299
		-0.0021	0.0006	0.0302
		-0.002	0.0007	0.0299
		-0.002	0.0007	0.0298
		-0.0024	0.0007	0.0293
		-0.0024	0.0009	0.0294
		-0.0024	0.0011	0.0294
		-0.0023	0.001	0.0299
		-0.0022	0.0006	0.03
		-0.0023	0.0006	0.0298
		-0.0023	0.0005	0.0298
		-0.0022	0.0006	0.0298
		-0.0021	0.0008	0.0295
		-0.0022	0.0006	0.0297
		-0.0021	0.0005	0.0296


 element
celluar