Mozilla/5.0 (Linux; Android 5.0.2; XT1034 Build/LXB22.46-32) AppleWebKit/537.36 (KHTML, like Gecko) Chrome/45.0.2454.94 Mobile Safari/537.36

 standard_deviation

 standard_deviation_mean
	0.0799	-0.0073	-0.0121

 standard_deviation
	0.2315	0.0002	0.0007

 slope_aggresion
	0.0334	0.0095	0.0181

 sum
	61.0505	2.2884	3.582

 raw
		0.0162	-0.0047	-0.0027
		0.0112	-0.0117	-0.0039
		0.0066	0.0003	-0.0122
		0.0064	0.0039	-0.0118
		0.0051	0	-0.0117
		0.0137	0.0041	-0.012
		0.0301	0.0118	-0.0041
		0.0326	-0.0078	0.0116
		0.0253	-0.0116	0.0038
		0.0205	0.0117	-0.004
		0.0182	0.0079	-0.0041
		0.032	0.0156	0.0115
		0.0327	0.0154	0.0116
		0.0306	0.0119	-0.012
		0.0511	-0.0078	-0.0196
		0.1034	-0.0038	0.0115
		0.1239	0.0041	0.0036
		0.1453	0	0.0193
		0.1608	-0.0078	0.0038
		0.202	0.004	0.0037
		0.248	-0.0001	0.0193
		0.2565	-0.0037	0.0036
		0.2845	-0.0116	0.0349
		0.3012	-0.0042	0.0346
		0.3155	-0.0077	0.0193
		0.3466	-0.0117	0.0193
		0.3791	-0.0078	0.027
		0.4078	-0.0233	0.0424
		0.4887	-0.0194	0.1266
		0.4472	-0.0117	0.0348
		0.4529	-0.0155	0.0038
		0.4983	-0.0117	0.0348
		0.506	-0.0233	0.0193
		0.5382	-0.0078	0.0116
		0.5559	-0.0312	-0.0042
		0.6003	-0.0349	0.0116
		0.6037	-0.0273	-0.0434
		0.6605	-0.035	-0.0041
		0.6775	-0.0155	0.0038
		0.7126	-0.0194	0.0193
		0.6939	-0.0272	-0.0118
		0.7013	-0.0194	-0.004
		0.7315	-0.0233	-0.0118
		0.7716	-0.0311	0.0038
		0.7756	-0.0349	-0.0193
		0.7784	-0.0233	-0.0038
		0.7793	-0.0155	-0.0039
		0.7977	-0.0155	-0.0042
		0.8036	-0.0234	0.0034
		0.8223	-0.031	0.0039
		0.8071	-0.0116	-0.0199
		0.8591	-0.0349	-0.0117
		0.8536	-0.031	-0.0039
		0.8278	-0.0233	-0.0274
		0.8418	-0.031	-0.0272
		0.8138	-0.0349	-0.0501
		0.837	-0.031	-0.0193
		0.8669	-0.0352	-0.02
		0.8791	-0.039	-0.0199
		0.8626	-0.0388	-0.0194
		0.8243	-0.031	-0.0345
		0.8093	-0.0272	-0.0272
		0.7519	-0.0194	-0.0509
		0.8289	-0.0311	-0.0275
		0.8197	-0.0312	-0.0356
		0.849	-0.0116	0.0193
		0.8202	-0.0156	-0.0193
		0.8832	-0.0391	-0.0122
		0.8468	-0.0349	-0.0117
		0.7289	-0.0194	-0.0274
		0.7322	-0.0194	-0.0119
		0.5554	-0.0351	-0.0512
		0.4915	-0.0349	-0.0349
		0.3185	-0.0233	-0.0272
		0.1446	-0.0194	-0.0351
		-0.0728	-0.031	-0.0272
		-0.1136	-0.0194	-0.0193
		-0.4835	-0.0272	-0.0584
		-0.409	-0.0156	-0.0114
		-0.5878	-0.0194	-0.0509
		-0.6453	-0.0194	-0.0509
		-0.6728	-0.0233	-0.0587
		-0.6142	-0.0076	-0.0358
		-0.5256	0.0425	-0.0581
		-0.6299	0.0039	-0.0429
		-0.7154	-0.0194	-0.0431
		-0.7525	-0.0233	-0.0509
		-0.7002	-0.0078	-0.0507
		-0.6956	-0.0116	-0.0509
		-0.6161	0.0038	0.0038
		-0.7442	-0.0348	-0.0962
		-0.6527	-0.0039	-0.0272
		-0.649	0.0001	-0.0431
		-0.6584	-0.0037	-0.0593
		-0.6393	0.0002	-0.0512
		-0.5252	0.0305	0.0424
		-0.6381	-0.0078	-0.0894
		-0.5946	-0.0037	-0.0356
		-0.5627	0.0081	-0.0358
		-0.5662	-0.0001	-0.0272
		-0.5727	-0.0078	-0.0427
		-0.5497	0.004	-0.0509
		-0.5128	0.0079	-0.0197
		-0.5131	-0.0039	-0.0118
		-0.5127	-0.0038	-0.0509
		-0.4836	0.0002	-0.0436
		-0.4647	-0.0039	-0.0427
		-0.3939	0.0156	0.0115
		-0.4144	0.0078	-0.0274
		-0.3983	0.0114	-0.027
		-0.3986	0.0043	-0.0439
		-0.3721	0.0073	-0.0265
		-0.3713	0.0081	-0.0515
		-0.3505	0.0041	-0.0512
		-0.3022	0.008	-0.0277
		-0.2725	0.0154	-0.0117
		-0.2541	0.0195	-0.004
		-0.2453	0.0122	-0.0123
		-0.2505	0.0036	-0.0345
		-0.2148	0.0115	-0.0116
		-0.1937	0.0115	-0.0038
		-0.1806	0.0039	0.0038
		-0.1802	0.0116	-0.0272
		-0.1797	-0.004	-0.0193
		-0.1407	0.0078	0.0038
		-0.1284	0	-0.0039
		-0.1121	0.0043	-0.0123
		-0.1058	-0.0001	-0.0116
		-0.0899	0	-0.0039
		-0.0636	0.0041	0.0115
		-0.0402	0.004	0.0193
		-0.053	0.008	-0.012
		-0.034	0.0156	0.0038
		-0.0336	0.0042	0.0036
		-0.0158	0.0317	0.0115
		-0.0076	0.0307	0.0116
		0.0237	0.0471	0.0428
		-0.062	-0.0349	-0.0272
		-0.0617	-0.0273	-0.0436
		-0.0177	-0.0078	-0.0116
		0.0081	0.004	-0.0041
		-0.0023	-0.0039	-0.0117
		0.0086	0.0076	0.0116
		-0.0081	-0.0001	-0.0038
		0.0066	0.0037	0.0039
		0.0119	-0.0003	0.004
		-0.0048	0	-0.0039
		-0.0027	0.0002	0.0036
		-0.0011	-0.0001	-0.0038
		-0.0093	-0.0117	-0.0116
		-0.0168	0.0076	-0.0193
		-0.0078	0.0002	0.0036
		-0.0055	-0.0116	0.0038
		0.0247	0.0118	0.0193
		-0.001	-0.0003	-0.0037
		0.0056	0.0076	0.0039
		-0.007	0.0039	-0.0118
		-0.0108	0	-0.0117
		0.0093	-0.004	0.0193
		0.0048	0.0078	-0.004
		-0.0013	0	0.0038


 element
wave