Mozilla/5.0 (Linux; Android 5.0.2; XT1034 Build/LXB22.46-32) AppleWebKit/537.36 (KHTML, like Gecko) Chrome/45.0.2454.94 Mobile Safari/537.36

 standard_deviation

 standard_deviation_mean
	95.1445	0.6755	-0.6513

 standard_deviation
	15925.9396	0.5997	0.7152

 slope_aggresion
	6.2996	0.54	0.6592

 sum
	15301.5246	144.3015	135.0359

 raw
		16.8008	0.8847	-0.2213
		17.779	1.1231	-0.8987
		16.9576	0.9021	-0.4512
		16.0534	0.8951	-0.2239
		15.7406	1.5422	0
		18.3041	1.3526	-1.5787
		17.3262	0	-0.2247
		16.0604	1.5601	0.2229
		15.9672	1.7898	-0.4477
		11.8189	2.0122	2.0134
		13.8025	0.6766	0.4511
		13.7082	1.1102	-0.2221
		13.4377	0.4458	-0.4459
		10.3053	0.6687	0.8916
		11.5956	0.4424	-0.2213
		10.0191	1.1277	-0.2256
		9.5131	0.8881	-0.8883
		7.3867	0.6636	-0.4425
		5.9045	1.3478	0.2246
		7.822	0.2254	-1.804
		3.0226	0	0.4424
		0.6821	0.4441	0.4441
		0.7909	1.3477	-0.6741
		354.6317	0.4439	1.5541
		359.6931	1.3684	-2.0536
		353.0363	-0.9022	0.9022
		352.5906	-0.2204	0.4407
		352.6605	0.2246	-0.6741
		343.5281	-1.1258	3.3796
		348.8717	0.2255	-0.6767
		346.15	0	0
		345.2781	-0.6714	-0.4477
		342.607	-0.4494	-0.2247
		341.9719	-0.2247	-0.2247
		341.0451	0.6713	0.2238
		340.952	-0.6611	-0.6611
		336.9709	-0.8987	0.2246
		336.2822	-1.5597	-1.5602
		331.4299	0	0.6714
		331.7009	-0.661	-0.8815
		330.0314	-0.8986	-0.8987
		328.4004	0.2229	0
		327.3036	-0.6662	-0.8883
		321.7351	-0.4459	0.6687
		323.3137	-0.8952	-0.6715
		323.0328	-0.4459	-0.6688
		323.135	-0.6712	-1.5663
		320.6448	0	-0.4408
		318.496	-1.3424	-1.119
		321.6517	-0.8949	-1.5663
		319.7314	0.2255	-0.6767
		322.7428	0.8986	-0.6741
		329.1005	0	-1.6104
		330.2011	-0.8985	-1.3479
		341.6863	-0.6609	-1.5423
		349.1459	-0.6739	-1.3479
		358.5366	0	-1.3323
		16.3774	-0.6685	-1.783
		24.377	-0.2238	-1.79
		41.1297	-0.2255	-2.0294
		46.8024	-0.6711	-1.79
		52.1088	-0.4528	-1.5849
		44.361	0.6766	-0.4512
		52.302	0.6765	-1.3532
		55.1682	0.6764	-1.5787
		56.536	0.4457	-1.3375
		57.6318	0.6739	-0.8987
		59.2504	0.8948	-1.5663
		60.77	0.6685	-1.5602
		65.483	0.4509	-1.804
		62.5412	0.9055	-1.3586
		60.6937	0.8986	-0.6741
		63.1099	0.4458	-0.6688
		62.7388	0.8915	-1.1146
		60.8762	1.1099	-1.3323
		60.8429	0.8881	-0.8883
		65.3159	0.4472	-2.237
		60.9984	1.5597	-1.3375
		65.7487	0.6625	-3.3146
		62.3172	0.6657	-1.9979
		62.3938	0.6654	-2.6631
		58.6662	1.3574	-2.2635
		56.6965	1.8036	-1.1278
		59.4991	0.9017	-1.804
		56.7013	1.3217	-1.1018
		55.5446	1.554	-0.6662
		55.4089	1.1231	-0.8987
		52.515	2.0448	-1.364
		52.6662	1.1188	-0.6715
		51.8223	2.2537	-1.5787
		53.2901	1.7747	-2.2197
		53.6611	0.2254	-1.804
		49.2437	1.5658	-1.3427
		49.4365	0.8983	-1.5725
		45.82	2.2451	-1.3479
		45.7682	1.1057	-1.106
		43.3945	2.2453	-1.1234
		44.629	0.8984	-1.3479
		41.3557	1.5661	-0.6715
		41.2575	1.3371	-1.1146
		40.1922	1.7964	-1.3479
		41.1341	1.1228	-1.5725
		38.6741	2.0211	-0.8987
		38.4543	1.1188	-0.4477
		38.1693	1.3582	-1.1322
		36.3543	1.5599	-1.1146
		34.4385	1.1145	-0.223
		33.4742	1.3424	-0.8952
		33.2818	0.4457	-1.1146
		31.1735	1.3425	-0.6715
		30.0584	1.3373	-0.6688
		27.6794	1.5724	0.2246
		27.0806	1.7968	-0.6741
		27.8694	0.902	-1.1278
		25.9579	1.3477	-0.6741
		25.0953	0.2229	-0.6688
		23.6058	0.8986	-0.4494
		21.1099	1.3373	0.2229
		20.8876	1.1145	-0.223
		20.2637	0.8916	-0.4459
		19.4405	0.4493	-0.8987
		17.7888	0.8951	-0.2239
		18.1532	0.8951	-0.6715
		17.5773	0.6687	-0.4459
		16.9657	0.4493	-0.2247
		17.0433	0.8986	-0.4494
		17.3604	0.2246	-0.2247
		17.6016	0.2238	-0.4477
		16.9997	1.1145	-0.223
		16.2953	0	0
		16.3975	1.1102	-0.2221
		16.0907	0.8916	0.2229
		16.7044	1.1145	-0.223
		16.1666	1.1232	-0.2247
		16.4557	0.8882	-0.2221
		17.1856	0.6713	-0.4477
		16.9688	1.1102	-0.4442
		16.1319	1.1233	0
		16.7331	0.2246	0.2246
		17.8116	0.9093	-0.4548
		16.513	1.3426	0.2238
		16.8347	0.8882	-0.2221
		16.6806	0.6714	0
		15.9844	1.3322	0.222
		16.7552	0.9057	-0.453
		16.9464	0.8882	-0.4442
		16.8952	0.6766	0
		17.4228	1.5481	-0.2213
		17.6911	1.1145	-0.223
		16.2074	0.8882	0.4441
		16.7777	0.8882	-0.2221
		16.5407	1.1059	0
		17.5298	0.8985	-0.8987
		16.0442	0.8813	0.2203
		17.8199	1.3477	-0.6741
		17.2306	0.9057	0
		17.3837	0.9022	-0.2256
		17.3478	0.8882	-0.4442
		17.3631	0.6661	-0.4442
		16.3843	0.4441	0.4441
		16.7401	0.674	-0.2247


 element
wave