Mozilla/5.0 (Macintosh; Intel Mac OS X 10_9_5) AppleWebKit/537.36 (KHTML, like Gecko) Chrome/45.0.2454.93 Safari/537.36

 standard_deviation

 standard_deviation_mean
	0	-3.5268	-4.8583

 standard_deviation
	0	0.6954	0.8285

 slope_aggresion
	0	0.9912	1.0554

 sum
	0	563.2458	776.9188

 raw
			-4.1513	-5.9457
			-2.8041	-2.9689
			-2.7815	-4.5703
			-3.9214	-4.5703
			-3.0374	-4.5703
			-4.3462	-5.2576
			-4.3988	-5.7163
			-3.2311	-5.2576
			-3.8902	-4.5703
			-2.9767	-2.7403
			-3.2053	-5.0284
			-3.9373	-5.7163
			-4.3462	-4.5703
			-4.3289	-4.5703
			-3.0251	-3.6548
			-3.4613	-4.1124
			-3.8902	-5.7163
			-3.0128	-5.7163
			-4.185	-5.7163
			-2.3374	-5.2576
			-2.7815	-4.7993
			-3.4753	-3.8836
			-4.5558	-3.4261
			-3.4613	-5.2576
			-3.9214	-4.1124
			-5.0695	-5.9457
			-2.7815	-4.1124
			-5.4619	-5.2576
			-3.4613	-5.0284
			-3.2311	-5.7163
			-5.3199	-5.7163
			-4.3289	-4.1124
			-3.9214	-4.5703
			-1.6501	-3.8836
			-4.574	-6.1753
			-4.6107	-5.0284
			-3.4894	-4.1124
			-3.4753	-5.0284
			-3.9214	-4.7993
			-3.2441	-5.2576
			-3.2053	-4.5703
			-3.4753	-5.9457
			-4.185	-4.7993
			-3.0128	-5.7163
			-3.2311	-4.7993
			-4.5558	-5.0284
			-3.4753	-3.8836
			-3.4613	-4.5703
			-4.3289	-4.7993
			-3.4613	-4.5703
			-2.9767	-4.7993
			-3.4894	-5.0284
			-2.7928	-3.4261
			-3.9214	-5.0284
			-3.2705	-5.2576
			-2.3091	-5.9457
			-3.0251	-3.8836
			-3.0007	-5.0284
			-2.0953	-5.7163
			-3.9214	-3.6548
			-3.4613	-4.7993
			-3.0128	-6.4049
			-3.0251	-5.0284
			-5.0092	-6.1753
			-1.8551	-2.9689
			-3.1925	-4.5703
			-2.1038	-5.0284
			-5.0899	-6.8646
			-3.2705	-5.0284
			-4.574	-6.1753
			-2.0784	-3.6548
			-4.3462	-6.1753
			-3.0128	-5.0284
			-4.6107	-5.0284
			-3.4613	-4.5703
			-5.2356	-6.8646
			-4.6293	-5.0284
			-3.4894	-4.5703
			-3.4753	-5.2576
			-3.2053	-4.7993
			-2.7815	-4.1124
			-2.7928	-4.7993
			-3.8902	-5.2576
			-4.1681	-4.5703
			-2.7815	-4.7993
			-3.2311	-5.0284
			-3.2705	-2.7403
			-3.0007	-3.4261
			-1.63	-4.5703
			-3.4613	-5.7163
			-1.1644	-3.4261
			-4.3462	-5.2576
			-3.4337	-5.7163
			-4.1681	-5.9457
			-4.3289	-5.2576
			-1.1597	-5.2576
			-4.1513	-5.0284
			-4.574	-5.0284
			-3.0128	-3.6548
			-4.1019	-6.8646
			-2.7815	-3.8836
			-3.9214	-3.6548
			-3.4613	-4.5703
			-4.3988	-5.7163
			-4.1182	-5.2576
			-3.2441	-5.2576
			-3.0251	-6.4049
			-3.8902	-5.7163
			-2.8041	-4.1124
			-3.4613	-4.7993
			-2.7481	-3.6548
			-2.9767	-4.1124
			-3.2441	-5.9457
			-4.1019	-5.0284
			-2.3185	-5.9457
			-2.7928	-5.2576
			-4.3462	-4.5703
			-4.5558	-8.0156
			-2.9649	-3.8836
			-2.9767	-4.7993
			-3.0007	-4.1124
			-3.9532	-3.8836
			-3.9214	-5.2576
			-3.2311	-3.6548
			-5.0092	-6.8646
			-2.7815	-5.0284
			-2.0618	-3.8836
			-4.1182	-3.6548
			-2.7928	-3.8836
			-2.8041	-3.8836
			-4.3811	-5.7163
			-5.2356	-5.7163
			-2.7481	-5.7163
			-4.3462	-2.9689
			-4.1681	-4.5703
			-4.6107	-5.7163
			-2.7928	-4.7993
			-2.3091	-3.6548
			-2.9767	-4.5703
			-3.4613	-5.0284
			-4.3811	-4.5703
			-4.5558	-5.0284
			-3.2311	-4.5703
			-4.6107	-5.7163
			-3.9373	-4.7993
			-3.4337	-3.4261
			-3.8902	-3.6548
			-2.9767	-4.5703
			-3.4753	-3.8836
			-3.9214	-6.1753
			-3.42	-5.9457
			-3.9373	-4.5703
			-3.2705	-4.7993
			-5.0291	-5.9457
			-3.0251	-3.6548
			-2.3279	-5.2576
			-2.3185	-3.8836
			-4.1019	-5.7163
			-3.4613	-4.5703
			-2.3279	-3.6548
			-4.5558	-5.2576


 element
wave