Mozilla/5.0 (iPhone; CPU iPhone OS 7_1_2 like Mac OS X) AppleWebKit/537.51.2 (KHTML, like Gecko) Version/7.0 Mobile/11D257 Safari/9537.53

 standard_deviation

 standard_deviation_mean
	-0.0536	0.5828	-0.0346

 standard_deviation
	0.0015	0.0487	0.0086

 slope_aggression
	0.0073	0.0134	0.0142

 sum
	4.2986	46.5689	5.7848

 raw
		0	-0.0001	0.0285
		0	-0.0001	0.0285
		0	-0.0001	0.0285
		0	-0.0001	0.0285
		0	-0.0001	0.0285
		0	-0.0001	0.0285
		0	-0.0001	0.0285
		0	-0.0001	0.0285
		0	-0.0001	0.0285
		0	-0.0001	0.0285
		-0.0133	0.69	0.0118
		-0.0163	0.6909	0.0031
		-0.0153	0.6914	0.0052
		-0.0156	0.6894	0.0055
		-0.0175	0.6892	0.0054
		-0.0196	0.6873	0.0021
		-0.0208	0.6869	0.0001
		-0.02	0.6868	0.0025
		-0.0183	0.687	0.014
		-0.0145	0.6872	0.0289
		-0.0224	0.6861	0.0292
		-0.034	0.6797	0.0137
		-0.0318	0.6804	0.0155
		-0.0298	0.6758	0.0273
		-0.0277	0.6685	0.0439
		-0.0363	0.6662	0.0648
		-0.0499	0.6675	0.0549
		-0.0591	0.6677	0.0476
		-0.0703	0.6541	0.0288
		-0.069	0.6494	0.0177
		-0.0577	0.6445	0.016
		-0.0486	0.6413	0.0263
		-0.0381	0.6411	0.0313
		-0.0359	0.6406	0.0283
		-0.0318	0.6396	0.0351
		-0.0309	0.6415	0.0356
		-0.0294	0.6462	0.0338
		-0.021	0.6553	0.0499
		-0.021	0.6629	0.0584
		-0.021	0.6629	0.0584
		-0.0211	0.6673	0.0728
		-0.0361	0.6657	0.0814
		-0.0213	0.6681	0.1194
		0.0189	0.6901	0.1131
		0	0.7093	0.0683
		-0.0612	0.7225	-0.0394
		-0.0902	0.7249	-0.0408
		-0.0966	0.721	-0.0323
		-0.1069	0.7147	-0.0438
		-0.1105	0.7119	-0.0458
		-0.1119	0.6817	-0.0366
		-0.115	0.6951	-0.0658
		-0.099	0.6963	-0.0114
		-0.0798	0.7215	0.0353
		-0.0986	0.7156	-0.0364
		-0.0693	0.7154	-0.0027
		-0.0693	0.7154	-0.0027
		-0.0832	0.698	-0.0539
		-0.1337	0.6394	-0.2133
		-0.1449	0.6196	-0.2605
		-0.1191	0.6276	-0.2109
		-0.1012	0.6281	-0.159
		-0.0942	0.6198	-0.1597
		-0.0966	0.6142	-0.1749
		-0.0962	0.616	-0.1732
		-0.0925	0.6225	-0.1677
		-0.0895	0.6252	-0.1668
		-0.0904	0.6228	-0.1728
		-0.0898	0.6237	-0.1697
		-0.0862	0.6287	-0.1621
		-0.0852	0.6299	-0.1612
		-0.0837	0.6341	-0.1608
		-0.0837	0.6341	-0.1608
		-0.0855	0.638	-0.1645
		-0.0856	0.6391	-0.164
		-0.0852	0.6399	-0.1625
		-0.0851	0.6413	-0.161
		-0.0861	0.6424	-0.1631
		-0.0817	0.6437	-0.1585
		-0.0798	0.6436	-0.1552
		-0.0801	0.6441	-0.1556


 element
wave