Mozilla/5.0 (Macintosh; Intel Mac OS X 10_9_5) AppleWebKit/537.36 (KHTML, like Gecko) Chrome/45.0.2454.99 Safari/537.36

 standard_deviation

 standard_deviation_mean
	0	0.0029	0.0005

 standard_deviation
	0	0.0001	0.0013

 slope_aggression
	0	0.0148	0.0424

 sum
	0	0.8497	2.1506

 raw
		0	-0.0124	-0.012
		0	0.0117	0.0199
		0	0.02	0.0039
		0	0.0236	-0.004
		0	-0.007	-0.012
		0	0.0114	-0.004
		0	0.0198	0.0199
		0	0.004	-0.02
		0	0.0006	0.0039
		0	0.0036	0.0199
		0	-0.0007	0.0039
		0	0.0077	0.0278
		0	0.0321	0.0597
		0	0.0036	0.0039
		0	0.0125	0.0199
		0	-0.0149	0.0039
		0	-0.0081	-0.0598
		0	-0.011	-0.012
		0	-0.0081	-0.012
		0	-0.0001	-0.004
		0	0.0114	0.0278
		0	-0.0113	-0.012
		0	0.0117	0.0199
		0	-0.0004	-0.02
		0	-0.0074	-0.012
		0	-0.0081	-0.0359
		0	0.0077	0.0199
		0	0.004	0.0039
		0	0.0236	0.0835
		0	-0.0081	-0.004
		0	0.0033	0.0278
		0	-0.0325	-0.0439
		0	0.0077	0.0199
		0	0.008	-0.012
		0	-0.0113	-0.0439
		0	0.0036	0.0278
		0	0.0006	-0.004
		0	-0.0001	-0.012
		0	0.0198	-0.0757
		0	0.0111	0.0438
		0	0.0077	0.0438
		0	0.0077	-0.0757
		0	-0.0189	-0.0757
		0	0.0238	0.0597
		0	0.0198	-0.0359
		0	0.0245	0.0438
		0	-0.0004	-0.004
		0	-0.0128	-0.02
		0	0.0236	-0.004
		0	0.0006	-0.0439
		0	-0.0084	0.0039
		0	0.0198	0.0278
		0	-0.0161	-0.0518
		0	0.012	0.0358
		0	-0.0084	-0.0836
		0	0.0074	0.0199
		0	0.0198	0.0199
		0	-0.0081	0.0039
		0	0.0117	-0.004
		0	0.004	0.0597
		0	0.0274	0.0597
		0	0.0074	-0.004
		0	0.0036	0.0597
		0	-0.028	-0.0518
		0	-0.0113	-0.012
		0	0.0033	-0.012
		0	0.0036	-0.0359
		0	0.008	0.0994
		0	0.0036	-0.012
		0	-0.0004	0.0199
		0	0.0114	0.0039
		0	-0.0128	-0.02
		0	-0.0081	-0.0518
		0	-0.02	0.0039
		0	-0.0007	0.0039
		0	-0.0004	0.0199
		0	-0.0081	0.0199
		0	0.0195	-0.004
		0	0.004	0.0278
		0	0.008	0.0358
		0	-0.0084	-0.0757


 element
water