Mozilla/5.0 (Macintosh; Intel Mac OS X 10_9_5) AppleWebKit/537.36 (KHTML, like Gecko) Chrome/45.0.2454.93 Safari/537.36

 standard_deviation

 standard_deviation_mean
	0	0.002	-0.0951

 standard_deviation
	0	0.0001	0.001

 slope_aggresion
	0	0.0127	0.0357

 sum
	0	0.6955	7.5674

 raw
		0	-0.0038	-0.0917
		0	0.0163	-0.0757
		0	0.0042	-0.1394
		0	-0.0161	-0.0757
		0	0.0087	-0.0917
		0	0.0042	-0.0996
		0	0.0083	-0.0518
		0	0.0044	-0.0598
		0	0.0203	-0.0917
		0	0.0047	-0.0598
		0	0.0043	-0.0917
		0	0.0083	-0.0438
		0	-0.0117	-0.0598
		0	0.0164	-0.0837
		0	0.0043	-0.0119
		0	0.0165	-0.1315
		0	0.0002	-0.0438
		0	0.0004	-0.1711
		0	-0.0157	-0.1394
		0	0.0044	-0.0837
		0	0.0245	-0.0917
		0	0.0088	-0.0917
		0	0.0002	-0.0837
		0	0.0167	-0.0996
		0	0.0004	-0.1156
		0	0.0007	-0.0996
		0	0.0001	-0.0757
		0	-0.0036	-0.0757
		0	-0.0036	-0.0996
		0	0.0002	-0.0917
		0	-0.0117	-0.0757
		0	0.0245	-0.0598
		0	-0.0113	-0.1156
		0	0.0205	-0.0438
		0	0.0007	-0.0996
		0	0.0004	-0.1315
		0	0.0004	-0.0917
		0	0.0083	-0.0917
		0	0.0083	-0.0757
		0	-0.0038	-0.1156
		0	0.0087	-0.0438
		0	-0.0036	-0.1235
		0	0.0205	-0.0598
		0	0.0287	-0.0996
		0	-0.0036	-0.1711
		0	0.0164	-0.1156
		0	0.0082	-0.0996
		0	0.0082	-0.0917
		0	0.0043	-0.0757
		0	0.0004	-0.0917
		0	0.0043	-0.0757
		0	0.0002	-0.0837
		0	-0.019	-0.1553
		0	-0.0151	-0.0996
		0	-0.0111	-0.0518
		0	-0.0151	-0.1235
		0	0.0044	-0.1235
		0	0.0164	-0.0757
		0	-0.0036	-0.1156
		0	0.0205	-0.0518
		0	0.0044	-0.1156
		0	-0.0151	-0.1156
		0	0.0043	-0.1235
		0	-0.0038	-0.1632
		0	0.0044	-0.1553
		0	0.0083	-0.0598
		0	0.0004	-0.0518
		0	-0.024	-0.0996
		0	-0.0038	-0.0917
		0	-0.0119	-0.1156
		0	-0.0113	-0.1156
		0	0.0244	-0.0518
		0	-0.0111	-0.1394
		0	-0.0033	-0.1235
		0	0.0004	-0.0837
		0	-0.004	-0.1156
		0	0.0084	-0.0996
		0	-0.0121	-0.0757
		0	0.0001	-0.0996
		0	-0.004	-0.1235
		0	-0.0153	-0.1315


 element
wave