Mozilla/5.0 (Macintosh; Intel Mac OS X 10_9_5) AppleWebKit/537.36 (KHTML, like Gecko) Chrome/45.0.2454.93 Safari/537.36

 standard_deviation

 standard_deviation_mean
	0	0.0053	-0.0778

 standard_deviation
	0	0.0002	0.0011

 slope_aggresion
	0	0.0162	0.0364

 sum
	0	1.0682	6.2366

 raw
		0	0.02	-0.0638
		0	0.0119	-0.0797
		0	0.0201	-0.0239
		0	-0.0276	-0.0318
		0	0.012	0.016
		0	0.0117	-0.0797
		0	0.0321	-0.0318
		0	0.004	-0.0318
		0	0.012	-0.0398
		0	0.0037	-0.0797
		0	0.008	-0.0558
		0	-0.0001	-0.0957
		0	0.004	-0.0957
		0	-0.0356	-0.1036
		0	0.0118	-0.0318
		0	-0.0083	-0.0398
		0	0.0118	-0.1116
		0	0.0321	-0.0717
		0	0.0038	-0.0558
		0	-0.0157	-0.0797
		0	-0.0121	-0.1116
		0	-0.0157	-0.1355
		0	-0.0083	-0.1355
		0	0.0076	-0.0638
		0	-0.0117	-0.1036
		0	0.008	-0.0957
		0	0.0198	-0.0398
		0	0.0241	-0.0318
		0	-0.0117	-0.1116
		0	0.0038	-0.0717
		0	0.0119	-0.0398
		0	-0.0083	-0.1116
		0	-0.0123	-0.1036
		0	0.024	-0.0957
		0	0.0083	-0.0638
		0	0.0079	-0.0717
		0	-0.0157	-0.1036
		0	0.02	-0.0717
		0	0.0239	-0.0797
		0	0.004	-0.0558
		0	0.0038	-0.1116
		0	0.0043	-0.0558
		0	-0.0155	-0.1355
		0	0.0402	-0.0239
		0	-0.0157	-0.1116
		0	0.008	-0.0717
		0	0.0201	-0.1116
		0	-0.0081	-0.0318
		0	-0.0077	-0.1036
		0	-0.0121	-0.0957
		0	0.0043	-0.0957
		0	-0.0164	-0.1116
		0	0.024	-0.0797
		0	0.0241	-0.1514
		0	0.0281	-0.1036
		0	0.02	-0.0558
		0	0.0321	-0.0239
		0	0.0123	-0.0558
		0	0.0119	-0.1116
		0	0.0043	-0.0797
		0	0.0119	-0.0717
		0	0.0043	-0.1036
		0	0.012	-0.0318
		0	0.0083	-0.0318
		0	0.024	-0.0638
		0	-0.0002	-0.0558
		0	0.02	-0.0239
		0	0.004	-0.0957
		0	-0.0157	-0.1196
		0	-0.0115	-0.1514
		0	0.0037	-0.0797
		0	-0.0081	-0.1116
		0	0.0038	-0.1036
		0	-0.0001	-0.0957
		0	0.0282	-0.0159
		0	0.0079	-0.0717
		0	0.0201	-0.0717
		0	0.0003	-0.1116
		0	-0.0081	-0.0797
		0	-0.0164	-0.1116
		0	-0.0001	-0.0957


 element
wave