Mozilla/5.0 (iPhone; CPU iPhone OS 8_3 like Mac OS X) AppleWebKit/600.1.4 (KHTML, like Gecko) Version/8.0 Mobile/12F70 Safari/600.1.4

 standard_deviation

 standard_deviation_mean
	-0.0354	-0.0302	-0.0204

 standard_deviation
	0.001	0.0011	0.0176

 slope_aggression
	0.0054	0.0067	0.016

 sum
	5.8272	4.7153	13.3175

 raw
		-0.0002	-0.0019	-0.0599
		0.0002	-0.002	-0.0585
		0	-0.004	-0.0559
		-0.0017	-0.0069	-0.0533
		-0.0012	-0.0052	-0.0542
		-0.0005	-0.0067	-0.0481
		-0.0006	-0.0076	-0.0461
		-0.0009	-0.006	-0.0446
		-0.0009	-0.0057	-0.0452
		-0.0004	-0.0052	-0.0385
		-0.0005	-0.0058	-0.0394
		-0.0007	-0.0051	-0.0419
		0.0008	-0.0047	-0.0383
		0.0005	-0.004	-0.0389
		-0.0005	-0.0044	-0.0379
		-0.0011	-0.0038	-0.0398
		-0.002	-0.0044	-0.0418
		-0.0024	-0.0057	-0.0389
		-0.003	-0.0042	-0.0397
		-0.0035	-0.004	-0.0389
		-0.0039	-0.0016	-0.0414
		-0.0058	-0.003	-0.0421
		-0.0067	-0.0031	-0.0419
		-0.0098	-0.0085	-0.0456
		-0.0092	-0.0136	-0.0473
		-0.008	-0.0155	-0.0487
		-0.0081	-0.0161	-0.0478
		-0.0077	-0.0146	-0.0418
		-0.0085	-0.0159	-0.0375
		-0.0104	-0.0158	-0.0434
		-0.0108	-0.015	-0.0448
		-0.0105	-0.0145	-0.0449
		-0.0098	-0.0149	-0.0386
		-0.0101	-0.0177	-0.0366
		-0.0107	-0.0201	-0.0329
		-0.0106	-0.0183	-0.035
		-0.0117	-0.0183	-0.0348
		-0.0112	-0.0161	-0.0392
		-0.012	-0.0137	-0.035
		-0.0134	-0.0157	-0.0324
		-0.0147	-0.0211	-0.0323
		-0.0146	-0.0212	-0.0331
		-0.0147	-0.0214	-0.0318
		-0.0152	-0.0207	-0.0286
		-0.0156	-0.0205	-0.0297
		-0.0151	-0.0273	-0.0282
		-0.0177	-0.0276	-0.0354
		-0.0203	-0.0283	-0.0521
		-0.021	-0.0303	-0.0609
		-0.0231	-0.0293	-0.0819
		-0.0224	-0.0287	-0.0839
		-0.0204	-0.0291	-0.0714
		-0.0224	-0.0305	-0.0712
		-0.0214	-0.0292	-0.0624
		-0.0214	-0.0285	-0.0595
		-0.0233	-0.0286	-0.0588
		-0.0227	-0.0279	-0.0568
		-0.0218	-0.0299	-0.0556
		-0.0235	-0.0295	-0.0679
		-0.0242	-0.0288	-0.0709
		-0.0247	-0.0257	-0.0706
		-0.025	-0.0238	-0.0721
		-0.025	-0.0236	-0.0658
		-0.0252	-0.0226	-0.0635
		-0.0256	-0.0201	-0.0605
		-0.0251	-0.02	-0.0596
		-0.023	-0.0163	-0.0512
		-0.023	-0.014	-0.0491
		-0.0242	-0.0137	-0.0548
		-0.0251	-0.0126	-0.0588
		-0.0257	-0.0135	-0.0586
		-0.0244	-0.0119	-0.0488
		-0.025	-0.0113	-0.0489
		-0.0263	-0.012	-0.0411
		-0.0243	-0.0114	-0.039
		-0.0263	-0.0121	-0.0304
		-0.0262	-0.0116	-0.0286
		-0.024	-0.0114	-0.0226
		-0.0258	-0.0109	-0.0165
		-0.0241	-0.0086	0.0086
		-0.0261	-0.0059	0.0081
		-0.0302	-0.0101	-0.0069
		-0.0333	-0.0104	-0.0259
		-0.0319	-0.0098	-0.0203
		-0.0336	-0.0093	-0.0213
		-0.0345	-0.0091	-0.0204
		-0.0361	-0.0078	-0.0215
		-0.0365	-0.0091	-0.0144
		-0.0376	-0.008	-0.0211
		-0.0398	-0.007	-0.0327
		-0.0434	-0.0096	-0.0462
		-0.0461	-0.0073	-0.0544
		-0.0483	-0.0087	-0.0516
		-0.0492	-0.0043	-0.054
		-0.0546	-0.0058	-0.0684
		-0.0556	-0.0066	-0.0869
		-0.0569	-0.0071	-0.089
		-0.0638	-0.0055	-0.1015
		-0.0658	-0.0032	-0.1183
		-0.0659	-0.0039	-0.1242
		-0.0671	-0.0085	-0.0765
		-0.0756	-0.0211	-0.0397
		-0.0906	-0.0353	-0.0549
		-0.0846	-0.0365	-0.0741
		-0.0455	-0.0375	-0.1249
		-0.044	-0.0173	-0.0961
		-0.0512	-0.0223	-0.0766
		-0.0602	-0.0209	-0.1003
		-0.0774	-0.0337	-0.1744
		-0.0908	-0.0453	-0.2495
		-0.0975	-0.0478	-0.2734
		-0.1004	-0.0637	-0.1994
		-0.0979	-0.056	-0.186
		-0.0849	-0.051	-0.1942
		-0.0841	-0.0506	-0.1901
		-0.0947	-0.0564	-0.1845
		-0.0983	-0.0588	-0.1771
		-0.0932	-0.0568	-0.1528
		-0.0923	-0.0564	-0.1325
		-0.0954	-0.0342	-0.0791
		-0.0944	-0.0216	-0.0909
		-0.0973	-0.0281	-0.0684
		-0.0943	-0.033	-0.0651
		-0.0875	-0.0372	-0.0619
		-0.0837	-0.0331	-0.0489
		-0.0752	-0.0295	-0.0921
		-0.0737	-0.0255	-0.0746
		-0.072	-0.0209	-0.0643
		-0.0639	-0.0267	-0.0478
		-0.0615	-0.0274	-0.0549
		-0.0626	-0.0288	-0.0565
		-0.0638	-0.0302	-0.0557
		-0.0626	-0.0318	-0.0503
		-0.0627	-0.0358	-0.0521
		-0.0542	-0.0402	-0.09
		-0.044	-0.0466	-0.1022
		-0.0438	-0.0792	-0.0549
		-0.0564	-0.087	-0.0134
		-0.0675	-0.0922	0.0035
		-0.0599	-0.0894	0.0203
		-0.058	-0.089	0.0691
		-0.0717	-0.1168	0.1518
		-0.0705	-0.1274	0.1444
		-0.0169	-0.0955	0.1386
		-0.006	-0.0915	0.1577
		-0.0155	-0.0964	0.1567
		-0.0101	-0.0441	0.1607
		-0.0181	-0.0319	0.1423
		-0.0171	-0.0748	0.1297
		-0.0168	-0.0475	0.0053
		-0.0166	-0.0849	0.0442
		-0.0406	-0.0558	0.2465
		-0.0674	-0.076	0.2642
		-0.0584	-0.0886	0.2874
		-0.0277	-0.0945	0.2521
		0.0185	-0.0702	0.328
		0.0646	0.0286	0.3554
		0.022	-0.0243	0.4722
		-0.1073	-0.1719	0.5191
		-0.1117	-0.1957	0.5734
		-0.0774	-0.1979	0.7527


 element
human