Mozilla/5.0 (Macintosh; Intel Mac OS X 10_9_5) AppleWebKit/537.36 (KHTML, like Gecko) Chrome/45.0.2454.99 Safari/537.36

 standard_deviation

 standard_deviation_mean
	0	0.0034	-0.0859

 standard_deviation
	0	0.0002	0.0013

 slope_aggression
	0	0.0177	0.0433

 sum
	0	0.922	6.8823

 raw
		0	0.0007	-0.0837
		0	0.008	-0.1156
		0	-0.0113	-0.1076
		0	0.032	-0.0438
		0	-0.0162	-0.0837
		0	0.008	-0.0837
		0	-0.0279	-0.1474
		0	-0.0073	-0.0837
		0	-0.0073	-0.1156
		0	-0.0165	-0.1235
		0	0.02	-0.0837
		0	-0.0084	-0.1949
		0	-0.0073	-0.1553
		0	0.0121	-0.0279
		0	-0.0159	-0.1632
		0	0.0201	-0.0837
		0	-0.0113	-0.1076
		0	0.008	-0.0837
		0	0.0123	-0.0359
		0	-0.0159	-0.0837
		0	0.004	-0.0678
		0	0.0082	-0.0917
		0	0.008	-0.1076
		0	0.0007	-0.1076
		0	0.0525	0.028
		0	-0.0159	-0.1076
		0	0.0119	-0.0678
		0	-0.0001	-0.1076
		0	0.0128	-0.0678
		0	0.0047	-0.0837
		0	0.0119	-0.0678
		0	0.0002	-0.0837
		0	-0.0308	-0.1553
		0	0.0042	-0.0917
		0	0.0087	-0.0518
		0	0.0242	-0.0917
		0	0.0123	-0.0837
		0	0.0007	-0.0438
		0	-0.0001	-0.0438
		0	0.008	-0.0917
		0	-0.0162	-0.0837
		0	0.0082	-0.0837
		0	0.0047	-0.1235
		0	0.0203	-0.0518
		0	-0.0081	-0.0917
		0	-0.0113	-0.1156
		0	0.0049	-0.0757
		0	-0.0118	-0.0917
		0	-0.0159	-0.0678
		0	0.0042	-0.0837
		0	0.0007	-0.1076
		0	-0.0078	-0.0757
		0	0.0042	-0.0518
		0	0.0002	-0.1235
		0	0.02	-0.0279
		0	0.004	-0.0438
		0	-0.0268	-0.1076
		0	0.0322	-0.0279
		0	0.0007	-0.0518
		0	0.0082	-0.0678
		0	-0.0084	-0.1076
		0	0.0119	-0.0359
		0	0.0047	-0.1076
		0	0.0002	-0.0279
		0	-0.0001	-0.1235
		0	0.008	-0.1156
		0	0.02	-0.0359
		0	0.0281	-0.0917
		0	0.004	-0.0837
		0	0.008	-0.0837
		0	-0.0149	-0.0757
		0	0.004	-0.1235
		0	0.0121	-0.1474
		0	-0.0001	-0.1156
		0	0.0239	-0.0757
		0	0.004	-0.1235
		0	0.024	-0.0119
		0	0.0281	-0.0359
		0	0.0203	-0.0837
		0	-0.0001	-0.0757
		0	-0.0192	-0.1235


 element
wave