Mozilla/5.0 (Macintosh; Intel Mac OS X 10_9_5) AppleWebKit/537.36 (KHTML, like Gecko) Chrome/45.0.2454.93 Safari/537.36

 standard_deviation

 standard_deviation_mean
	0	-0.0178	-0.1022

 standard_deviation
	0	0.0001	0.0009

 slope_aggression
	0	0.0141	0.0347

 sum
	0	1.5641	8.1881

 raw
		0	-0.0361	-0.0957
		0	-0.0121	-0.0957
		0	-0.0277	-0.1592
		0	-0.0325	-0.1195
		0	-0.0161	-0.1195
		0	-0.0287	-0.1275
		0	-0.0202	-0.0558
		0	-0.049	-0.1195
		0	-0.0081	-0.0399
		0	-0.0081	-0.0957
		0	-0.0281	-0.1195
		0	-0.0205	-0.1275
		0	-0.02	-0.1195
		0	-0.0122	-0.0558
		0	-0.0321	-0.1751
		0	-0.02	-0.1195
		0	-0.0281	-0.1195
		0	-0.0197	-0.0957
		0	-0.0396	-0.1434
		0	-0.012	-0.0797
		0	-0.0357	-0.0797
		0	-0.0317	-0.1195
		0	-0.0204	-0.0957
		0	-0.0083	-0.0957
		0	0.0001	-0.0558
		0	0	-0.0638
		0	-0.0079	-0.0797
		0	-0.0161	-0.1275
		0	0.004	-0.1036
		0	-0.0363	-0.1434
		0	-0.0404	-0.0957
		0	-0.0482	-0.1434
		0	-0.0161	-0.0877
		0	-0.0121	-0.0877
		0	-0.0001	-0.0797
		0	-0.0361	-0.0558
		0	-0.0081	-0.0399
		0	-0.0205	-0.1275
		0	-0.0204	-0.1036
		0	-0.0323	-0.0957
		0	-0.0323	-0.1354
		0	-0.0285	-0.0877
		0	-0.02	-0.0638
		0	-0.0001	-0.1036
		0	0.0121	-0.0877
		0	-0.02	-0.0877
		0	-0.0163	-0.0877
		0	-0.0161	-0.1036
		0	-0.0277	-0.1354
		0	-0.0082	-0.1036
		0	-0.0161	-0.1434
		0	-0.0161	-0.0957
		0	-0.0161	-0.1036
		0	-0.0121	-0.0797
		0	-0.0163	-0.1195
		0	-0.0202	-0.1195
		0	-0.0121	-0.0957
		0	-0.0161	-0.1195
		0	-0.0204	-0.1434
		0	-0.0081	-0.0877
		0	-0.0122	-0.1195
		0	-0.0394	-0.1592
		0	0.0244	-0.0239
		0	-0.0121	-0.0957
		0	-0.02	-0.1751
		0	-0.0163	-0.1275
		0	-0.0202	-0.0638
		0	-0.0204	-0.1275
		0	-0.02	-0.0558
		0	-0.0121	-0.0877
		0	-0.0321	-0.0877
		0	-0.0082	-0.0957
		0	-0.0202	-0.1036
		0	-0.0283	-0.1195
		0	-0.0081	-0.1354
		0	-0.0283	-0.0957
		0	0.0041	-0.0877
		0	-0.0204	-0.0558
		0	0.0041	-0.1275
		0	-0.016	-0.0797
		0	0.0243	-0.0877


 element
wave