Mozilla/5.0 (iPhone; CPU iPhone OS 7_1_2 like Mac OS X) AppleWebKit/537.51.2 (KHTML, like Gecko) Version/7.0 Mobile/11D257 Safari/9537.53

 standard_deviation

 standard_deviation_mean
	0.0021	-0.0548	0.0537

 standard_deviation
	0	0.0004	0

 slope_aggression
	0.0002	0.0008	0.0003

 sum
	0.1746	4.3687	4.3015

 raw
		0	-0.0001	0.0463
		0	-0.0001	0.0463
		0	-0.0001	0.0463
		0	-0.0001	0.0463
		0	-0.0001	0.0463
		0	-0.0001	0.0463
		0	-0.0001	0.0463
		0	-0.0001	0.0463
		0	-0.0001	0.0463
		0	-0.0001	0.0463
		0.0075	-0.064	0.0565
		0.007	-0.0632	0.0564
		0.0067	-0.0628	0.0565
		0.0059	-0.0626	0.0563
		0.0057	-0.0623	0.0566
		0.0051	-0.0624	0.0569
		0.0048	-0.0624	0.057
		0.0044	-0.0628	0.0568
		0.0042	-0.0627	0.0565
		0.0039	-0.0627	0.0567
		0.0038	-0.0626	0.0565
		0.0037	-0.0627	0.0566
		0.0033	-0.0627	0.0563
		0.0033	-0.0627	0.0563
		0.0032	-0.0626	0.0564
		0.0032	-0.0625	0.0562
		0.0031	-0.0627	0.0562
		0.003	-0.0624	0.0557
		0.0029	-0.0624	0.0556
		0.0027	-0.0624	0.0552
		0.0028	-0.0622	0.0554
		0.0024	-0.0624	0.0555
		0.0024	-0.0622	0.0555
		0.0021	-0.0623	0.0548
		0.0019	-0.0624	0.0542
		0.0019	-0.0625	0.054
		0.0019	-0.0626	0.0538
		0.002	-0.0625	0.0542
		0.0021	-0.0626	0.0541
		0.0021	-0.0626	0.0541
		0.0022	-0.0623	0.0538
		0.0023	-0.0623	0.054
		0.0021	-0.0624	0.0541
		0.0021	-0.0622	0.0539
		0.0021	-0.0621	0.054
		0.002	-0.0622	0.054
		0.0019	-0.0623	0.0538
		0.0022	-0.0622	0.0541
		0.002	-0.0622	0.0539
		0.0018	-0.0623	0.0536
		0.0019	-0.0624	0.0539
		0.0015	-0.0624	0.0538
		0.0016	-0.0625	0.0539
		0.0015	-0.0623	0.0541
		0.0014	-0.0625	0.0537
		0.0014	-0.0625	0.0541
		0.0015	-0.0624	0.0542
		0.0017	-0.0623	0.054
		0.0017	-0.0623	0.054
		0.0016	-0.0621	0.0538
		0.0016	-0.0622	0.0538
		0.0015	-0.0622	0.0543
		0.0013	-0.0624	0.0541
		0.0013	-0.0623	0.0545
		0.0012	-0.0623	0.055
		0.0013	-0.0623	0.0549
		0.0013	-0.0624	0.0547
		0.0012	-0.0625	0.0546
		0.0012	-0.0625	0.0545
		0.0012	-0.0625	0.0545
		0.0012	-0.0625	0.054
		0.0013	-0.0624	0.0543
		0.0013	-0.0625	0.0541
		0.001	-0.0626	0.0535
		0.001	-0.0626	0.0535
		0.0013	-0.0625	0.0539
		0.0013	-0.0623	0.0539
		0.0014	-0.0622	0.0536
		0.0013	-0.0621	0.0534
		0.0012	-0.0625	0.0537
		0.0013	-0.0624	0.0539


 element
celluar