Mozilla/5.0 (Linux; Android 5.1; XT1034 Build/LPB23.13-57) AppleWebKit/537.36 (KHTML, like Gecko) Chrome/45.0.2454.94 Mobile Safari/537.36

 standard_deviation

 standard_deviation_mean
	0.0861	0.001	-0.0171

 standard_deviation
	0.0003	0	0.0001

 slope_aggression
	0.0187	0.0061	0.0122

 sum
	6.8977	0.359	1.4385

 raw
		0.1253	0.0122	-0.0042
		0.0926	-0.0061	-0.0124
		0.0649	-0.0062	-0.0287
		0.063	-0.0049	-0.0289
		0.0621	-0.0001	-0.0366
		0.0778	0.011	-0.0291
		0.0415	-0.0062	-0.0287
		0.0857	0.0087	-0.021
		0.0864	0.0048	-0.0205
		0.0934	0.0036	-0.0204
		0.1269	0.0062	0.0121
		0.0784	0.0048	-0.0287
		0.0961	-0.0061	-0.0042
		0.097	-0.0013	-0.0121
		0.069	-0.0013	-0.0283
		0.0802	-0.0024	-0.0124
		0.0991	0.0074	-0.0126
		0.0798	0.0036	-0.0204
		0.061	-0.0073	-0.0209
		0.0983	0.0072	-0.0122
		0.0834	0.0036	-0.0285
		0.0938	0.0074	-0.0291
		0.0856	0.0048	-0.0287
		0.092	-0.0073	0.0038
		0.1005	-0.0012	0.0041
		0.0609	-0.0049	-0.0289
		0.0997	-0.0037	-0.0041
		0.0993	0.0001	-0.0126
		0.0938	0.0001	-0.0044
		0.0792	0.0025	-0.0207
		0.0892	0.0013	-0.0128
		0.0822	0.0036	-0.0204
		0.0642	-0.0037	-0.0209
		0.0898	0.0074	-0.0209
		0.0779	0.0037	-0.0291
		0.0759	0.0025	-0.0207
		0.0824	0.0037	-0.0209
		0.0848	-0.0001	-0.0204
		0.1094	0.0061	-0.0125
		0.0633	-0.0025	-0.0287
		0.0987	0.0036	-0.0041
		0.105	0.0049	-0.0042
		0.0897	-0.0013	-0.0121
		0.0626	-0.0025	-0.0368
		0.1071	0.0012	-0.0042
		0.0987	-0.0037	-0.0041
		0.0987	0.0036	-0.0122
		0.0455	-0.0098	-0.0362
		0.0833	0.0025	-0.0207
		0.085	0.0062	-0.0295
		0.0866	-0.0073	-0.0126
		0.0751	-0.0123	-0.0125
		0.1028	0.0024	-0.0121
		0.1017	0.0098	-0.0207
		0.0994	-0.0037	-0.0041
		0.0655	-0.0001	-0.0366
		0.116	-0.0012	0.0122
		0.1089	0.0207	-0.0207
		0.0693	-0.0049	-0.0202
		0.0645	-0.0025	-0.0287
		0.0585	-0.0062	-0.0287
		0.0918	0.0025	-0.0125
		0.085	-0.0024	-0.0042
		0.0666	0.005	-0.0293
		0.0612	-0.0049	-0.0283
		0.0923	0.0025	-0.0207
		0.1006	0.0036	-0.0041
		0.0657	0.0012	-0.0205
		0.0902	0.0098	-0.0207
		0.1209	0.006	-0.004
		0.094	-0.0024	-0.021
		0.121	0.006	-0.004
		0.1122	0.0036	-0.0041
		0.0816	0.0025	-0.0207
		0.0705	0.0012	-0.0287
		0.0777	-0.0024	-0.0124
		0.0827	0.0026	-0.0212
		0.1094	-0.0012	0.0039
		0.0767	0.005	-0.0293
		0.0854	-0.0024	-0.0124
		0.083	-0.0036	-0.0126


 element
wave