Mozilla/5.0 (Linux; Android 5.1; XT1034 Build/LPB23.13-57) AppleWebKit/537.36 (KHTML, like Gecko) Chrome/45.0.2454.94 Mobile Safari/537.36

 standard_deviation

 standard_deviation_mean
	-0.009	0.004	0.0011

 standard_deviation
	0.0002	0	0.0001

 slope_aggression
	0.0129	0.0074	0.0127

 sum
	1.2421	0.4878	0.738

 raw
		-0.0033	0.006	0.012
		0.0288	0.0074	-0.0123
		0.0142	-0.0001	0.0035
		0.033	0.006	0.0201
		-0.0008	0.006	-0.0043
		-0.0065	-0.0051	0.0275
		-0.0026	0.0186	0.0045
		0.0161	0.0024	0.012
		0.032	0.0011	0.0199
		0.0081	0.0073	0.004
		0.0084	0.0145	-0.0041
		0.0216	0.0132	0.0039
		0.0016	0.005	-0.004
		-0.0089	0.011	-0.0123
		-0.0008	0.0037	0.004
		-0.0011	0.0024	0.012
		-0.0257	0.0011	0.0037
		-0.0111	0.0074	-0.0041
		-0.0058	-0.0048	0.012
		-0.0363	-0.0001	-0.0126
		-0.0305	-0.0059	0.0124
		-0.026	-0.0012	-0.0043
		-0.0302	0.0025	-0.0205
		-0.0301	0.0038	-0.0123
		-0.0131	-0.0085	0.012
		-0.0266	0.0038	-0.0204
		-0.0332	-0.0121	0.0039
		-0.0174	0.0045	-0.0048
		-0.0303	0.0061	-0.0205
		-0.0065	0.0063	0.0044
		0.0058	0.005	0.0124
		-0.0208	0.0074	-0.0041
		-0.0312	-0.0048	0.012
		-0.0258	0.0074	-0.0041
		-0.02	0.0048	-0.0125
		0.0045	0.0086	0.0124
		-0.004	-0.0061	0.0118
		-0.0159	0.0047	0.0037
		-0.0112	0.0145	-0.0041
		0.018	0.0001	0.0122
		0.0203	0.0109	0.0122
		-0.0035	0.0073	0.0122
		-0.0261	0.0034	0.0116
		-0.0317	-0.0048	0.0039
		-0.0212	0.0096	-0.0043
		-0.0182	0.0037	0.004
		0.0032	0.0087	-0.004
		-0.0041	0.0038	-0.0123
		-0.0201	0.0012	-0.0125
		-0.0055	0.0109	0.004
		0.0052	-0.0026	0.028
		-0.0085	0.0024	0.012
		-0.012	0.0123	-0.004
		0.0016	0.0063	0.0044
		0.0173	0.0037	0.0122
		0.005	0.011	-0.0123
		-0.0217	-0.0084	-0.0043
		-0.0105	0.015	-0.0037
		-0.0113	0.0136	-0.0038
		-0.0431	0.0051	-0.0449
		-0.0151	-0.0009	-0.0038
		-0.0145	0.0012	-0.0125
		0.0083	0.0037	0.0204
		-0.0035	0.0123	0.0042
		-0.0116	0.005	-0.004
		-0.0122	-0.0048	0.012
		-0.0077	0.0145	-0.0041
		-0.0187	0.0064	-0.0038
		-0.0227	0.0012	-0.0044
		-0.0341	-0.0011	-0.0124
		-0.0147	0.0014	0.0042
		-0.0208	0.0037	-0.0041
		-0.0168	0.0014	-0.004
		0.0067	0.0073	0.004
		0.0081	0.0086	0.0042
		-0.004	-0.001	0.0044
		-0.0274	-0.0121	0.0039
		-0.0151	0.0077	-0.0037
		-0.0176	0.0001	0.004
		-0.0068	0.0057	0.0114
		-0.0179	0.0037	-0.0041


 element
wave