Mozilla/5.0 (Macintosh; Intel Mac OS X 10_9_5) AppleWebKit/537.36 (KHTML, like Gecko) Chrome/45.0.2454.99 Safari/537.36

 standard_deviation

 standard_deviation_mean
	0	0.0012	-0.1088

 standard_deviation
	0	0.0001	0.0012

 slope_aggression
	0	0.0156	0.0423

 sum
	0	0.8256	8.7017

 raw
		0	-0.0125	-0.1235
		0	0.0039	-0.0996
		0	0.0033	-0.0996
		0	-0.012	-0.1235
		0	0.0033	-0.1076
		0	0.0153	-0.1631
		0	0.0031	-0.1076
		0	-0.0007	-0.1155
		0	0.0033	-0.0996
		0	0.0035	-0.0837
		0	0.0156	-0.0678
		0	-0.0053	-0.1235
		0	0.0355	-0.1393
		0	-0.0048	-0.1235
		0	-0.0012	-0.1155
		0	0.0277	-0.0439
		0	-0.012	-0.1552
		0	-0.0001	-0.0279
		0	-0.0125	-0.1552
		0	-0.0048	-0.1235
		0	-0.0333	-0.1868
		0	-0.0045	-0.1076
		0	-0.0197	-0.1552
		0	-0.0169	-0.1473
		0	0.0035	-0.0757
		0	0.0035	-0.1155
		0	0.0195	-0.0996
		0	-0.0128	-0.0678
		0	0.0437	-0.004
		0	0.0075	-0.1393
		0	0.0073	-0.0598
		0	-0.0128	-0.0837
		0	0.0075	-0.1076
		0	-0.016	-0.0996
		0	0.0073	-0.1473
		0	-0.0048	-0.1076
		0	-0.012	-0.1552
		0	0.0154	-0.1947
		0	0.0033	-0.1076
		0	0.0031	-0.0757
		0	-0.0128	-0.1235
		0	0.007	-0.1235
		0	0.0073	-0.0757
		0	0.0073	-0.1076
		0	0.0232	-0.1473
		0	-0.0005	-0.0996
		0	0.0153	-0.1235
		0	0.0073	-0.1473
		0	-0.0007	-0.1393
		0	0.0033	-0.0996
		0	-0.012	-0.0996
		0	0.0073	-0.0837
		0	-0.0045	-0.1393
		0	0.0234	-0.0757
		0	-0.0166	-0.1235
		0	-0.0001	-0.0598
		0	-0.0125	-0.1393
		0	0.0153	-0.0837
		0	-0.012	-0.1473
		0	-0.0125	-0.1076
		0	-0.016	-0.0996
		0	0.0073	-0.0837
		0	-0.0005	-0.1631
		0	0.0154	-0.1076
		0	0.0156	-0.0359
		0	0.0039	-0.0678
		0	0.0033	-0.1076
		0	0.0151	-0.0678
		0	0.0033	-0.0439
		0	0.0075	-0.0996
		0	-0.0249	-0.1552
		0	0.0073	-0.0996
		0	0.0153	-0.0837
		0	-0.0012	-0.0996
		0	-0.0048	-0.0996
		0	-0.0197	-0.1076
		0	-0.016	-0.1552
		0	-0.0045	-0.0837
		0	0.0033	-0.1076
		0	-0.0045	-0.1552
		0	0.0234	-0.1076


 element
wave