Mozilla/5.0 (Linux; Android 5.0.2; XT1034 Build/LXB22.46-32) AppleWebKit/537.36 (KHTML, like Gecko) Chrome/45.0.2454.94 Mobile Safari/537.36

 standard_deviation

 standard_deviation_mean
	-0.0071	0.0116	0.0337

 standard_deviation
	0.0001	0	0.0001

 slope_aggression
	0.0112	0.0074	0.0141

 sum
	0.8517	0.9469	2.6958

 raw
		-0.0093	0.0123	0.0417
		0.0054	0.021	0.042
		-0.0001	0.0133	0.0493
		-0.0123	0.0024	0.0329
		0.0046	0.0144	0.0487
		0.0002	0.0035	0.0323
		0.0099	0.0123	0.05
		-0.0061	0.0048	0.0326
		0.0035	0.0171	0.0411
		-0.0181	0.0037	0.0248
		-0.0031	0.0036	0.0497
		-0.0211	0.0074	0.0248
		-0.015	0.0121	0.0326
		-0.0171	0.0147	0.0331
		-0.0282	0.0085	0.0244
		-0.0179	0.0096	0.0239
		0.0068	0.0083	0.0572
		-0.0042	0.016	0.0417
		-0.0041	0.0184	0.0414
		-0.0193	0.0134	0.0329
		-0.0066	0.015	0.0423
		-0.0369	0.0136	-0.0002
		-0.0038	0.0037	0.0331
		-0.0086	0.0135	0.0246
		-0.0106	0.0037	0.0331
		0.0087	0.017	0.0493
		-0.0027	0.016	0.0417
		-0.0103	0.0181	0.0405
		-0.0277	0.0159	0.0079
		0.004	0.0174	0.0337
		0.0038	0.0158	0.0326
		-0.0147	0.0061	0.0329
		-0.0187	0.0072	0.0323
		0.0018	0.0123	0.0417
		0.0061	-0.0027	0.048
		0.0158	0.0094	0.0646
		0.0043	0.006	0.0493
		-0.0025	0.0208	0.0329
		-0.0178	0.0109	0.0241
		-0.0159	0.0085	0.0244
		-0.011	0.0074	0.0331
		-0.0105	0.0181	0.0323
		-0.0106	-0.0038	0.0405
		-0.025	0.0049	0.0161
		0.0035	0.0171	0.0411
		-0.0168	0.0172	0.0163
		0.0064	0.0134	0.0411
		-0.0228	0.0149	0
		-0.0135	0.0098	0.0163
		-0.0131	0.0086	0.0161
		-0.0017	0.0134	0.0329
		-0.0238	0	0.0077
		-0.019	0.0162	0.0084
		-0.0149	0.0037	0.0331
		-0.0141	0.0159	0.0161
		-0.0032	0.0171	0.0411
		-0.0033	0.011	0.0414
		-0.0103	0.0221	0.0248
		0.0019	0.022	0.0414
		0.0045	0.0184	0.0414
		0.0055	0.0171	0.0411
		0.0086	0.016	0.05
		-0.0121	0.0011	0.0326
		-0.0031	0.0173	0.042
		0.0046	0.0071	0.0568
		0.0045	0.0194	0.0326
		-0.0109	0.0038	0.0083
		-0.0029	0.0036	0.0241
		-0.01	0.0098	0.0163
		0.0124	0.0242	0.0576
		-0.0177	0.0011	0.0326
		-0.0174	0.0048	0.0326
		-0.0307	0.0049	0.0161
		-0.0197	0.0158	0.0326
		-0.0071	0.0085	0.0326
		-0.0136	0.0085	0.0244
		0.0016	0.0146	0.0497
		0.0069	0.0095	0.0483
		-0.002	0.0353	0.0246
		0.0044	0.0157	0.049
		0.0014	0.0123	0.0417


 element
wave