Mozilla/5.0 (Macintosh; Intel Mac OS X 10_9_5) AppleWebKit/537.36 (KHTML, like Gecko) Chrome/45.0.2454.93 Safari/537.36

 standard_deviation

 standard_deviation_mean
	0	-0.0013	-0.0737

 standard_deviation
	0	0.0001	0.001

 slope_aggression
	0	0.0137	0.0367

 sum
	0	0.7402	5.8697

 raw
		0	0.02	-0.0398
		0	-0.0003	-0.0717
		0	-0.0041	-0.0239
		0	0.0037	-0.0398
		0	-0.0123	-0.0797
		0	-0.0121	-0.0797
		0	-0.0001	-0.0717
		0	0.0282	-0.0239
		0	-0.0123	-0.1036
		0	-0.0164	-0.0797
		0	0.0199	-0.0239
		0	-0.0042	-0.1196
		0	0.0037	-0.0558
		0	-0.0166	-0.0638
		0	-0.0002	-0.0558
		0	0.0036	-0.0638
		0	-0.0042	-0.1036
		0	0.0159	-0.1355
		0	-0.0237	-0.0717
		0	-0.0002	-0.0638
		0	0.0281	-0.0558
		0	-0.0002	-0.0638
		0	0.0158	-0.0558
		0	-0.0042	-0.0717
		0	0.0037	-0.0797
		0	0.02	-0.0239
		0	-0.0161	-0.1196
		0	-0.0121	-0.0797
		0	-0.0038	-0.0957
		0	0.0037	-0.0638
		0	0.004	-0.0717
		0	0.0078	-0.0558
		0	-0.0005	-0.0797
		0	-0.0003	-0.1036
		0	-0.0123	-0.0717
		0	-0.0242	-0.1434
		0	-0.0003	-0.0318
		0	-0.0044	-0.0398
		0	-0.0042	-0.0558
		0	0.024	-0.0398
		0	-0.0197	-0.0717
		0	-0.0164	-0.1752
		0	-0.0042	0.0001
		0	-0.0002	-0.0957
		0	0.0078	-0.0318
		0	-0.0166	-0.1036
		0	-0.0041	-0.1196
		0	0.0078	-0.0398
		0	-0.0001	-0.0797
		0	-0.0042	-0.1355
		0	0.0038	-0.0797
		0	-0.0042	-0.1036
		0	-0.0166	-0.1116
		0	-0.0123	-0.0957
		0	-0.0125	-0.0957
		0	-0.0157	-0.1593
		0	-0.0003	-0.0957
		0	-0.0001	-0.0717
		0	0.016	-0.0398
		0	0.0199	-0.0318
		0	0.0004	-0.0159
		0	-0.0123	-0.0558
		0	0.0158	-0.0558
		0	-0.0003	-0.0717
		0	-0.0038	-0.0797
		0	0.0077	-0.0159
		0	-0.0206	-0.0797
		0	-0.0125	-0.0957
		0	0.0161	-0.0797
		0	0.0036	-0.0318
		0	-0.0044	-0.0957
		0	-0.0125	-0.0717
		0	-0.0003	-0.1116
		0	-0.0003	-0.0717
		0	-0.0121	-0.0638
		0	-0.0044	-0.0797
		0	0.0078	-0.0398
		0	0.0158	-0.0957
		0	-0.0161	-0.0717
		0	-0.0003	-0.0797
		0	-0.0164	-0.0957


 element
wave