Mozilla/5.0 (iPhone; CPU iPhone OS 8_4_1 like Mac OS X) AppleWebKit/600.1.4 (KHTML, like Gecko) Version/8.0 Mobile/12H321 Safari/600.1.4

 standard_deviation

 standard_deviation_mean
	0.0005	-0.0035	0.0118

 standard_deviation
	0	0	0

 slope_aggression
	0	0.0001	0.0001

 sum
	0.2565	0.5563	1.8882

 raw
		0	-0.0001	0.0153
		0	-0.0001	0.0153
		0	-0.0001	0.0153
		0	-0.0001	0.0153
		-0.0021	-0.0025	0.0131
		-0.002	-0.0033	0.0128
		-0.002	-0.0039	0.0122
		-0.002	-0.0041	0.0122
		-0.002	-0.0048	0.0122
		-0.0019	-0.0049	0.0121
		-0.0015	-0.0053	0.0122
		-0.0015	-0.0054	0.0123
		-0.0016	-0.0056	0.0122
		-0.0017	-0.0055	0.0121
		-0.0017	-0.0055	0.0122
		-0.0016	-0.0056	0.0121
		-0.0016	-0.0056	0.0121
		-0.0018	-0.0058	0.0122
		-0.0018	-0.0058	0.0124
		-0.0018	-0.0059	0.0123
		-0.0017	-0.0058	0.0123
		-0.0017	-0.0059	0.0124
		-0.0018	-0.0059	0.0125
		-0.0018	-0.0057	0.0126
		-0.0018	-0.0058	0.0124
		-0.0017	-0.0056	0.0125
		-0.0017	-0.0055	0.0123
		-0.0017	-0.0053	0.0122
		-0.0018	-0.0052	0.0121
		-0.0017	-0.0051	0.0119
		-0.0016	-0.0048	0.0117
		-0.0016	-0.0047	0.0117
		-0.0015	-0.0045	0.0116
		-0.0014	-0.0045	0.0117
		-0.0015	-0.0046	0.0122
		-0.0015	-0.0048	0.0123
		-0.0014	-0.0048	0.0123
		-0.0014	-0.0048	0.0122
		-0.0014	-0.0047	0.0122
		-0.0014	-0.0047	0.0123
		-0.0014	-0.0046	0.0123
		-0.0014	-0.0045	0.0122
		-0.0014	-0.0045	0.0124
		-0.0014	-0.0045	0.0123
		-0.0013	-0.0043	0.0122
		-0.0012	-0.0043	0.0121
		-0.0011	-0.004	0.0118
		-0.0012	-0.0038	0.0117
		-0.001	-0.0036	0.0119
		-0.0009	-0.0035	0.0118
		-0.0009	-0.0034	0.0117
		-0.0008	-0.0033	0.0116
		-0.0007	-0.0032	0.0116
		-0.0008	-0.0033	0.0118
		-0.0009	-0.0035	0.0118
		-0.0007	-0.0037	0.0119
		-0.0007	-0.0037	0.0119
		-0.0008	-0.0039	0.0121
		-0.0008	-0.004	0.0122
		-0.0009	-0.0041	0.0122
		-0.0009	-0.0042	0.0121
		-0.0009	-0.004	0.0121
		-0.0009	-0.0039	0.0121
		-0.0007	-0.0037	0.0119
		-0.0007	-0.0036	0.0117
		-0.0006	-0.0034	0.0115
		-0.0005	-0.0031	0.0115
		-0.0003	-0.003	0.0114
		-0.0003	-0.003	0.0114
		-0.0002	-0.003	0.0112
		-0.0003	-0.0028	0.0112
		-0.0001	-0.0024	0.0111
		-0.0001	-0.0023	0.0111
		0	-0.0022	0.011
		0	-0.0022	0.011
		0.0001	-0.0024	0.011
		0.0001	-0.0024	0.0108
		0.0002	-0.0025	0.0112
		0.0003	-0.0025	0.0113
		0.0004	-0.0023	0.0109
		0.0006	-0.0024	0.0107
		0.0006	-0.0024	0.0108
		0.0008	-0.0024	0.0109
		0.0008	-0.0026	0.0109
		0.0009	-0.0025	0.0109
		0.0009	-0.0025	0.0107
		0.001	-0.0025	0.0108
		0.001	-0.0025	0.0109
		0.0012	-0.0026	0.0111
		0.0011	-0.0027	0.0111
		0.0013	-0.0028	0.0109
		0.0014	-0.0028	0.011
		0.0015	-0.0028	0.011
		0.0016	-0.0027	0.0109
		0.0017	-0.0027	0.0109
		0.0019	-0.0027	0.0108
		0.0019	-0.0027	0.0107
		0.002	-0.0026	0.0107
		0.0019	-0.0025	0.011
		0.002	-0.0025	0.0111
		0.0021	-0.0025	0.0111
		0.0022	-0.0026	0.0109
		0.0023	-0.0026	0.0111
		0.0023	-0.0028	0.0112
		0.0023	-0.0027	0.0114
		0.0022	-0.0028	0.0113
		0.0022	-0.0029	0.0116
		0.0022	-0.0031	0.0117
		0.0022	-0.0032	0.0116
		0.0022	-0.0034	0.0117
		0.0022	-0.0033	0.0117
		0.0022	-0.0034	0.0116
		0.0022	-0.0034	0.0117
		0.0022	-0.0033	0.0117
		0.0022	-0.0033	0.0118
		0.0022	-0.0035	0.0122
		0.0022	-0.0035	0.0122
		0.0021	-0.0038	0.0121
		0.002	-0.0037	0.0122
		0.0021	-0.0035	0.0121
		0.0021	-0.0034	0.0122
		0.002	-0.0036	0.0122
		0.0018	-0.0037	0.0124
		0.0017	-0.0038	0.012
		0.0017	-0.0039	0.012
		0.0017	-0.0037	0.012
		0.0018	-0.0036	0.012
		0.0017	-0.0038	0.012
		0.0017	-0.0037	0.0118
		0.0018	-0.0036	0.0118
		0.0019	-0.0034	0.0117
		0.002	-0.0034	0.0116
		0.002	-0.0033	0.0117
		0.0022	-0.0033	0.0116
		0.0022	-0.0032	0.0117
		0.0023	-0.0032	0.0117
		0.0023	-0.0032	0.0113
		0.0024	-0.0031	0.0113
		0.0024	-0.003	0.0111
		0.0025	-0.0031	0.0112
		0.0025	-0.003	0.0111
		0.0025	-0.0029	0.0109
		0.0026	-0.003	0.011
		0.0025	-0.0029	0.0111
		0.0027	-0.0029	0.0109
		0.0026	-0.0029	0.0109
		0.0027	-0.0029	0.0109
		0.0027	-0.0029	0.0111
		0.0027	-0.003	0.0112
		0.0028	-0.003	0.0113
		0.0029	-0.0031	0.0114
		0.0029	-0.0031	0.0114
		0.0029	-0.0031	0.0115
		0.003	-0.003	0.0116
		0.003	-0.0031	0.0115
		0.003	-0.0032	0.0115
		0.003	-0.0032	0.0115
		0.003	-0.0032	0.0116
		0.003	-0.0032	0.0117
		0.0031	-0.0033	0.0119
		0.0031	-0.0031	0.0121


 element
human