Mozilla/5.0 (Linux; Android 5.1; XT1034 Build/LPB23.13-57) AppleWebKit/537.36 (KHTML, like Gecko) Chrome/45.0.2454.94 Mobile Safari/537.36

 standard_deviation

 standard_deviation_mean
	-0.0004	0.0028	-0.0162

 standard_deviation
	0.0009	0	0.0001

 slope_aggression
	0.0239	0.0067	0.0119

 sum
	3.9906	0.8245	2.683

 raw
		0.0097	0.019	-0.019
		0.0381	0.0156	-0.0354
		-0.0068	-0.0002	-0.0193
		-0.0068	0.0037	-0.0273
		-0.0022	0.0113	-0.0113
		-0.0319	0.0038	-0.0039
		0.0071	-0.0042	-0.0192
		0.0428	-0.0003	-0.027
		0.0526	-0.0003	-0.027
		0.0278	0.0115	-0.0193
		0.0318	0.0119	-0.0279
		-0.0451	-0.0041	-0.0037
		-0.0517	0.0115	-0.0193
		-0.0751	0.0077	-0.0117
		-0.037	0.0036	-0.0114
		0.0343	0.0116	-0.0352
		0.0151	-0.0004	-0.019
		0.0075	0.0153	-0.0036
		-0.0167	-0.0002	-0.0117
		-0.0166	0.0074	-0.019
		-0.0002	0.0037	-0.0193
		0.0273	0.0036	-0.027
		-0.0117	0.0115	-0.0037
		-0.0263	-0.0004	0.012
		-0.0195	-0.0043	-0.0112
		-0.0093	0.0035	-0.019
		-0.012	-0.0001	-0.0118
		-0.0178	0.0112	-0.0035
		-0.0382	0.0076	-0.0037
		-0.0337	-0.0002	-0.0117
		-0.0197	0.0035	-0.019
		-0.0399	-0.0004	0.0043
		-0.0335	0.0034	0.0197
		0.0008	0.0034	-0.0187
		-0.0153	-0.0042	-0.0036
		0.077	0.0151	-0.0345
		0.0428	0.0073	-0.0266
		-0.0093	-0.0003	-0.0036
		0.0293	-0.0002	-0.035
		0.0025	0.0036	-0.0114
		0.0147	-0.0081	-0.0343
		0.0173	0.0075	-0.027
		0.0081	0.0035	-0.019
		0.0401	-0.0002	-0.0273
		0.0123	0.0034	-0.0266
		0.0132	-0.0081	-0.027
		0.0063	-0.0041	-0.0115
		0.0072	0.0115	-0.0115
		-0.0298	0.0036	-0.0192
		-0.0253	0.0035	-0.0035
		-0.0092	0.0038	-0.0039
		-0.0227	-0.0041	-0.0115
		0.0101	-0.0002	-0.0193
		0.0371	0.0073	-0.0266
		0.0511	0.0077	-0.0195
		0.0247	-0.0004	-0.0113
		0.0282	-0.008	-0.0275
		-0.0046	0.0075	-0.0114
		-0.0113	-0.008	-0.0193
		0.038	-0.0042	-0.0347
		0.0044	-0.0002	-0.0038
		0.0441	0.0154	-0.0193
		0.023	-0.0041	-0.0273
		0.002	0.0035	-0.019
		0.0266	-0.0081	-0.0192
		0.0119	0.0114	-0.0114
		0.0082	-0.0003	-0.0114
		-0.015	-0.0082	-0.0111
		0.0015	0.0073	-0.0189
		0.0161	0.0075	-0.0192
		0.0426	-0.0001	-0.0197
		0.0715	0.0035	-0.0345
		0.0373	-0.0002	-0.0273
		-0.0152	-0.0002	-0.0038
		-0.0226	-0.0003	-0.0114
		-0.0094	0.0078	-0.0275
		-0.0173	-0.0002	-0.0193
		0.0113	0.0036	-0.027
		-0.0083	-0.0004	-0.0035
		0.0156	-0.0004	-0.0189
		-0.0129	0.0074	-0.0113
		0.0142	0.0193	-0.0193
		0.0171	0.0074	-0.019
		0.0193	-0.0041	-0.0195
		-0.0225	-0.0041	-0.0115
		-0.0163	0.0075	-0.0192
		-0.0263	0.0113	-0.019
		0.0262	0.0072	-0.0111
		0.0428	0.0075	-0.027
		0.0244	0.0116	-0.0352
		-0.0458	0.0033	-0.0186
		-0.0424	0.0076	-0.0193
		-0.0278	-0.0004	-0.0035
		0.0552	-0.0003	-0.027
		0.0421	-0.0004	-0.0035
		0.0471	-0.0002	-0.0273
		0.0039	-0.0081	-0.0035
		-0.0386	-0.0043	-0.0035
		-0.0365	-0.0002	-0.0117
		-0.0125	0.0037	-0.0193
		-0.0515	-0.012	-0.0035
		-0.0653	-0.0003	-0.0036
		-0.0733	0.0036	-0.0036
		-0.0745	0.0035	-0.0035
		0.0517	0.0078	-0.0514
		0.0389	0.0077	-0.0273
		-0.0145	0.0037	-0.0115
		-0.0262	0.0035	-0.0035
		0.0008	0	-0.0119
		-0.0194	-0.0006	-0.0032
		-0.05	-0.008	0.0041
		-0.0144	-0.0002	-0.0193
		0.0155	0.0076	-0.035
		-0.0155	-0.0041	-0.0038
		-0.0294	0.0114	0.0041
		0.0114	-0.0002	-0.0352
		-0.0015	0.0037	-0.0193
		0.0111	0.0036	-0.027
		0.019	-0.0081	-0.0189
		0.0121	-0.0042	-0.019
		-0.0154	-0.0043	-0.0035
		-0.0129	0.0075	-0.0114
		0.0154	-0.0003	-0.0192
		-0.0252	0.0113	0.0042
		0.0185	0.0034	-0.0266
		-0.0343	-0.0041	-0.0115
		-0.0152	0.0073	-0.0266
		-0.0116	-0.0003	-0.0114
		0.0092	0.0077	-0.0195
		-0.0303	-0.0004	-0.0112
		-0.0287	0.0074	-0.0113
		0.0029	-0.0044	-0.0263
		-0.0113	0.0037	-0.0117
		-0.0189	0.0037	-0.0273
		-0.0423	-0.0042	-0.0113
		-0.0378	-0.008	-0.0037
		-0.0351	-0.0002	-0.0037
		-0.0012	-0.0081	-0.0113
		0.0402	0.0039	-0.0356
		0.0125	-0.0004	-0.019
		0.0141	0.0034	-0.0111
		0.0235	-0.0003	-0.027
		-0.0048	-0.0005	-0.0187
		-0.0087	0.0111	-0.0187
		0.0268	0.0074	-0.0268
		0.0683	-0.0081	-0.0425
		0.0569	0.0074	-0.0345
		-0.0025	0.0037	-0.0037
		0.0022	0.0036	-0.0036
		0.0223	0.0035	-0.019
		-0.0399	0.0076	-0.0037
		-0.0556	0.0074	-0.0035
		-0.0033	0.0113	-0.0268
		-0.0456	0.0154	-0.0115
		-0.0357	0.0033	0.0044
		-0.0255	-0.0002	0.0041
		-0.0083	0.0034	-0.0112
		-0.0224	-0.0002	-0.0038
		0.0311	0.0075	-0.0192
		0.0664	-0.0003	-0.0347
		0.0577	0.0116	-0.0352


 element
water