Mozilla/5.0 (Linux; Android 5.1.1; Nexus 5 Build/LMY48M) AppleWebKit/537.36 (KHTML, like Gecko) Chrome/45.0.2454.94 Mobile Safari/537.36

 standard_deviation

 standard_deviation_mean
	0.0033	-0.0108	-0.0627

 standard_deviation
	0	0	0

 slope_aggression
	0	0.0001	0.0002

 sum
	0.5432	1.7281	10.0277

 raw
		0	-0.0001	-0.0437
		0	-0.0001	-0.0437
		0.0006	0.0019	-0.0395
		0.0006	0.0019	-0.0395
		0.0006	0.0019	-0.0395
		-0.0001	0.0013	-0.0436
		-0.0007	-0.0009	-0.0522
		-0.0007	-0.0009	-0.0522
		0.0006	-0.002	-0.0561
		0.001	-0.0034	-0.0603
		0.0015	-0.0046	-0.064
		0.0015	-0.0046	-0.064
		0.0015	-0.0046	-0.064
		0.0015	-0.0046	-0.064
		0.0015	-0.0046	-0.064
		0.0015	-0.0046	-0.064
		0.0015	-0.0046	-0.064
		0.0033	-0.0045	-0.0637
		0.0033	-0.0045	-0.0637
		0.0033	-0.0045	-0.0637
		0.0033	-0.0045	-0.0637
		0.0033	-0.0045	-0.0637
		0.0033	-0.0045	-0.0637
		0.0033	-0.0045	-0.0637
		0.0033	-0.0045	-0.0637
		0.0033	-0.0045	-0.0637
		0.0038	-0.0027	-0.0639
		0.0038	-0.0027	-0.0639
		0.0038	-0.0027	-0.0639
		0.0038	-0.0027	-0.0639
		0.0038	-0.0027	-0.0639
		0.0038	-0.0027	-0.0639
		0.0038	-0.0047	-0.0638
		0.0038	-0.0047	-0.0638
		0.0038	-0.0047	-0.0638
		0.0033	-0.0067	-0.0661
		0.0033	-0.0067	-0.0661
		0.0035	-0.0086	-0.0649
		0.0035	-0.0086	-0.0649
		0.0035	-0.0086	-0.0649
		0.0035	-0.0086	-0.0649
		0.0037	-0.0104	-0.064
		0.0037	-0.0104	-0.064
		0.0037	-0.0104	-0.064
		0.0037	-0.0104	-0.064
		0.0037	-0.0104	-0.064
		0.0037	-0.0104	-0.064
		0.0037	-0.0122	-0.0638
		0.0037	-0.0122	-0.0638
		0.0037	-0.0122	-0.0638
		0.0037	-0.0122	-0.0638
		0.0037	-0.0122	-0.0638
		0.0037	-0.0122	-0.0638
		0.0037	-0.0122	-0.0638
		0.0037	-0.0122	-0.0638
		0.0037	-0.0122	-0.0638
		0.0037	-0.0122	-0.0638
		0.0037	-0.0122	-0.0638
		0.0037	-0.0122	-0.0638
		0.0037	-0.0122	-0.0638
		0.0037	-0.0122	-0.0638
		0.0037	-0.0122	-0.0638
		0.0037	-0.0122	-0.0638
		0.0037	-0.0122	-0.0638
		0.0037	-0.0122	-0.0638
		0.0037	-0.0122	-0.0638
		0.0037	-0.0122	-0.0638
		0.0037	-0.0122	-0.0638
		0.0037	-0.0122	-0.0638
		0.0037	-0.0122	-0.0638
		0.0037	-0.0122	-0.0638
		0.0037	-0.0122	-0.0638
		0.0037	-0.0122	-0.0638
		0.0037	-0.0122	-0.0638
		0.0037	-0.0122	-0.0638
		0.0037	-0.0122	-0.0638
		0.0037	-0.0122	-0.0638
		0.0037	-0.0122	-0.0638
		0.0037	-0.0122	-0.0638
		0.0037	-0.0122	-0.0638
		0.0037	-0.0122	-0.0638
		0.0037	-0.0122	-0.0638
		0.0037	-0.0122	-0.0638
		0.0037	-0.0122	-0.0638
		0.0037	-0.0122	-0.0638
		0.0037	-0.0122	-0.0638
		0.0037	-0.0122	-0.0638
		0.0037	-0.0122	-0.0638
		0.0037	-0.014	-0.0636
		0.0037	-0.014	-0.0636
		0.0037	-0.014	-0.0636
		0.0037	-0.014	-0.0636
		0.0037	-0.014	-0.0636
		0.0037	-0.014	-0.0636
		0.0037	-0.014	-0.0636
		0.0037	-0.014	-0.0636
		0.0037	-0.014	-0.0636
		0.0037	-0.014	-0.0636
		0.0037	-0.014	-0.0636
		0.0037	-0.014	-0.0636
		0.0037	-0.014	-0.0636
		0.0037	-0.014	-0.0636
		0.0037	-0.014	-0.0636
		0.0037	-0.014	-0.0636
		0.0037	-0.014	-0.0636
		0.0037	-0.014	-0.0636
		0.0037	-0.014	-0.0636
		0.0037	-0.014	-0.0636
		0.0037	-0.014	-0.0636
		0.0037	-0.014	-0.0636
		0.0037	-0.014	-0.0636
		0.0037	-0.014	-0.0636
		0.0037	-0.014	-0.0636
		0.0037	-0.014	-0.0636
		0.0037	-0.014	-0.0636
		0.0037	-0.014	-0.0636
		0.0037	-0.014	-0.0636
		0.0037	-0.014	-0.0636
		0.0037	-0.014	-0.0636
		0.0037	-0.014	-0.0636
		0.0037	-0.014	-0.0636
		0.0037	-0.014	-0.0636
		0.0037	-0.014	-0.0636
		0.0037	-0.014	-0.0636
		0.0037	-0.014	-0.0636
		0.0037	-0.014	-0.0636
		0.0037	-0.014	-0.0636
		0.0037	-0.014	-0.0636
		0.0037	-0.014	-0.0636
		0.0037	-0.014	-0.0636
		0.0037	-0.014	-0.0636
		0.0037	-0.014	-0.0636
		0.0037	-0.014	-0.0636
		0.0037	-0.014	-0.0636
		0.0037	-0.014	-0.0636
		0.0037	-0.014	-0.0636
		0.0037	-0.014	-0.0636
		0.0037	-0.014	-0.0636
		0.0037	-0.014	-0.0636
		0.0037	-0.014	-0.0636
		0.0037	-0.014	-0.0636
		0.0037	-0.014	-0.0636
		0.0037	-0.014	-0.0636
		0.0037	-0.014	-0.0636
		0.0037	-0.014	-0.0636
		0.0037	-0.014	-0.0636
		0.0037	-0.014	-0.0636
		0.0037	-0.014	-0.0636
		0.0037	-0.014	-0.0636
		0.0037	-0.014	-0.0636
		0.0037	-0.014	-0.0636
		0.0037	-0.014	-0.0636
		0.0037	-0.014	-0.0636
		0.0037	-0.014	-0.0636
		0.0037	-0.014	-0.0636
		0.0037	-0.014	-0.0636
		0.0037	-0.014	-0.0636
		0.0037	-0.014	-0.0636
		0.0037	-0.014	-0.0636
		0.0037	-0.014	-0.0636
		0.0037	-0.014	-0.0636


 element
wave