Mozilla/5.0 (Linux; Android 5.0.2; XT1034 Build/LXB22.46-32) AppleWebKit/537.36 (KHTML, like Gecko) Chrome/45.0.2454.94 Mobile Safari/537.36

 standard_deviation

 standard_deviation_mean
	-0.0065	0.0005	-0.0043

 standard_deviation
	0.0001	0	0.0001

 slope_aggresion
	0.0103	0.0059	0.0139

 sum
	1.6846	0.6826	1.7091

 raw
		0	-0.0001	-0.0078
		0.0042	-0.0001	0
		-0.0164	-0.0001	-0.0312
		0.0302	0.0041	0.0235
		0.0275	-0.0001	0.0232
		0.0001	0.0036	0
		-0.0023	-0.0116	0.0156
		-0.0049	0.0001	0.0077
		0.0016	-0.0039	0.0155
		-0.0038	-0.0039	-0.0001
		0.0102	0.0041	0.0156
		-0.0037	-0.0036	-0.0081
		-0.0028	0.0041	-0.008
		-0.0172	-0.0078	0.0077
		-0.024	0.0036	-0.0153
		0.0055	0.0037	0.0155
		-0.0125	-0.0117	-0.008
		0.0043	0.004	0.0077
		-0.0299	0.0001	-0.0315
		-0.0008	0.0038	0.0077
		-0.0052	0	-0.0079
		-0.0289	-0.0039	-0.0234
		-0.0251	-0.0001	-0.0078
		-0.0278	-0.0076	-0.0162
		-0.0077	-0.0037	-0.0002
		-0.0047	0	-0.0079
		-0.0024	0	-0.0079
		0.0131	0.0155	0.0077
		-0.0063	0.0041	-0.0159
		-0.0096	0.0039	-0.0235
		-0.008	-0.0039	-0.0079
		-0.0115	-0.0079	-0.0077
		-0.0076	-0.0037	-0.0081
		-0.0067	0.008	-0.008
		-0.0058	0	-0.0079
		-0.0177	0.0115	-0.031
		-0.0143	0.0003	-0.0318
		-0.008	-0.0077	-0.0158
		0.0136	0.0038	0.0077
		-0.0059	-0.004	-0.0078
		-0.0101	-0.004	-0.0078
		-0.0073	-0.0001	0
		-0.0067	-0.0038	-0.0001
		0.0004	0.0041	0.0077
		0.001	0.008	0.0077
		-0.0001	0.0037	0
		-0.0078	0.0036	-0.0077
		-0.0241	0.0079	-0.0158
		-0.0176	0.0083	-0.024
		-0.0049	-0.0039	-0.0235
		0.0075	0	0.0077
		-0.0047	-0.0078	-0.0001
		0.0032	0.0038	0.0077
		0.0029	0.0003	0.0077
		-0.0046	-0.0037	-0.0081
		0.0014	-0.0076	0.0077
		0.0016	0.0003	0.0077
		-0.005	0.0043	-0.0002
		-0.0216	-0.0037	-0.016
		-0.0167	0.0083	-0.0161
		0.001	0	0.0077
		-0.0072	0.0001	-0.0001
		-0.0089	0.0037	0
		-0.0141	-0.0076	-0.0081
		0.0053	0.0043	0.0077
		0.0187	0.0163	0.0157
		-0.002	0.004	-0.008
		0.0029	0.0041	-0.0001
		0.001	-0.0038	-0.0001
		0.0051	0.0114	0
		0.005	0.0001	0.0077
		-0.0051	0	-0.0157
		-0.0303	-0.0001	-0.0234
		-0.0131	0	0.0077
		-0.0207	-0.0039	-0.0078
		-0.0144	-0.0038	-0.0158
		-0.0114	0.0115	-0.0233
		0.0072	0.0078	0.0077
		-0.0186	0.0077	-0.0156
		-0.0169	-0.0079	-0.0078
		-0.0186	-0.0041	-0.0154
		-0.0062	-0.0041	0
		-0.0308	-0.0156	-0.0236
		-0.0217	0.0039	-0.0157
		-0.0156	0.0037	-0.0154
		-0.0107	0.004	-0.008
		-0.0076	0	0.0077
		-0.012	-0.0039	-0.0001
		-0.0156	0.0038	-0.0156
		-0.0061	0.0041	-0.0001
		-0.0136	0.0039	-0.0079
		0.004	0.0038	-0.0001
		0.0005	-0.0038	-0.0001
		0.0127	-0.0039	0.0234
		-0.0062	-0.0039	-0.0001
		-0.0047	0.004	-0.0001
		-0.0117	-0.0038	-0.0159
		-0.0069	0.0002	-0.0001
		0	0.0003	-0.0002
		0.0163	0.012	-0.0001
		-0.0148	0.0083	-0.0161
		-0.0162	0.0038	-0.0078
		-0.0069	0.0001	-0.0001
		-0.009	-0.0001	-0.0155
		-0.0113	0.0158	-0.0001
		-0.0067	-0.0003	0.0077
		-0.0162	0.0041	-0.008
		-0.008	-0.0038	-0.008
		-0.0124	0.004	-0.0158
		-0.0077	-0.0156	0.0077
		-0.0138	0.0039	-0.0079
		-0.0206	0.0079	-0.0315
		-0.0137	0.0038	-0.0156
		0.0019	0.004	0.0077
		-0.0162	0.0001	-0.0001
		-0.0245	0.0039	-0.0157
		-0.0282	-0.0078	-0.0313
		-0.0159	-0.0038	-0.0159
		-0.0147	0	-0.0079
		-0.0056	-0.0038	-0.0001
		-0.0106	0.0037	-0.0078
		-0.0035	0	0.0155
		-0.0296	0.004	-0.0158
		-0.0164	0.0038	-0.0001
		-0.0157	0.0042	-0.016
		-0.0056	0.0077	-0.0078
		-0.0044	0.0003	-0.0081
		-0.0131	0.0038	-0.0234
		-0.0003	0.0038	-0.0078
		0.0087	-0.0039	0.0155
		0.0001	0.0001	-0.008
		-0.0134	0.0076	-0.0155
		-0.0201	-0.0039	0.0077
		-0.0121	-0.008	0.0077
		0.0044	0.0082	-0.0002
		-0.0193	-0.0039	-0.0235
		0.0031	-0.004	0.0155
		-0.0129	0	-0.0079
		0.0067	-0.0078	-0.0001
		-0.0061	0.0002	-0.0159
		0.0311	-0.0037	0.0393
		0.0099	0.004	-0.0001
		0.0023	0.0001	-0.008
		0.0196	0	0.0234
		0.0149	-0.004	0.0232
		0.0054	-0.0076	0.0157
		-0.0044	0.0001	-0.008
		-0.0012	0.004	-0.008
		-0.0152	0.0079	-0.0236
		0.0071	-0.0039	0.0077
		0.01	-0.004	0.0155
		-0.015	0.0038	-0.0156
		-0.0093	0	0.0077
		-0.0024	0.0039	0.0077
		-0.0129	0.0041	-0.0159
		-0.0049	-0.0039	0.0077
		-0.0204	-0.0002	-0.0232
		-0.0064	-0.0079	0
		-0.0099	-0.0038	-0.008
		-0.0037	-0.0038	-0.008
		-0.0238	-0.0038	-0.0316


 element
wave