Mozilla/5.0 (Linux; Android 5.0.2; XT1034 Build/LXB22.46-32) AppleWebKit/537.36 (KHTML, like Gecko) Chrome/45.0.2454.94 Mobile Safari/537.36

 standard_deviation

 standard_deviation_mean
	0.0574	0.0105	0.0017

 standard_deviation
	0.1605	0.0001	0.0005

 slope_aggresion
	0.0278	0.0072	0.0142

 sum
	46.4971	1.9408	2.9875

 raw
		0.0006	0	0.0077
		0.0102	-0.0079	-0.0157
		0.001	-0.0037	-0.0158
		0.003	0.0118	-0.0236
		-0.011	0.004	-0.008
		-0.0011	-0.0001	-0.0079
		-0.0229	0.0039	0.0077
		-0.0024	0.008	-0.0236
		-0.0317	0.0078	0.0156
		-0.0043	0.0042	-0.0236
		-0.0172	0.0157	-0.0158
		-0.0235	0.0002	0.0074
		0.0016	0.0001	0.0075
		0.0218	0.0038	0.0079
		0.0532	0.0039	-0.008
		0.0806	0.008	-0.0158
		0.0941	0.0039	-0.0158
		0.0998	0.012	0.0071
		0.1586	0.0075	-0.0315
		0.2057	0	-0.0626
		0.2136	0.0079	-0.0392
		0.2181	0.0041	-0.0158
		0.2425	0.0079	-0.0314
		0.2432	0.0196	-0.0236
		0.2689	0.008	-0.0236
		0.2747	0.0078	-0.0158
		0.2755	0.0119	-0.0082
		0.2549	0.0235	0.0237
		0.331	0.0118	-0.0469
		0.3056	0.0196	-0.008
		0.346	0.0117	-0.0236
		0.3643	0.0196	-0.0159
		0.3778	0.0195	-0.0314
		0.374	0.0235	-0.0001
		0.4292	0.0196	-0.0547
		0.412	0.0312	-0.0081
		0.4358	0.0235	-0.0158
		0.4619	0.0118	-0.0236
		0.4777	0.0235	-0.0079
		0.5196	0.0235	-0.0313
		0.5413	0.0312	-0.0467
		0.5329	0.0156	-0.0079
		0.5992	0.0273	-0.0467
		0.5857	0.0117	-0.0079
		0.598	0.0391	0.0311
		0.6525	0.0235	-0.0314
		0.6599	0.039	-0.0081
		0.6808	0.0354	-0.0077
		0.7009	0.0274	-0.0158
		0.7172	0.0235	-0.008
		0.7449	0.0235	-0.0236
		0.7541	0.0313	0
		0.7862	0.039	-0.0002
		0.8009	0.0274	0.0001
		0.8021	0.0235	0.0075
		0.8023	0.0196	0.0077
		0.812	0.0428	0.0305
		0.8401	0.039	0.0075
		0.8661	0.0467	0.0074
		0.8719	0.0507	0.0231
		0.883	0.0353	0.0079
		0.8026	0.0235	0.0389
		0.7928	0.039	0.0384
		0.6056	0.0235	0.0548
		0.5299	0.0313	0.0623
		0.6018	0.0392	0.0237
		0.3971	0.0235	0.0231
		0.2521	0.0235	0.0396
		-0.0002	0.0313	0.0394
		-0.2515	0.0274	0.0548
		-0.567	0.043	0.0545
		-0.4689	0.0196	0.0626
		-0.5331	0.0156	0.0391
		-0.6871	0.0196	0.0545
		-0.7168	0.0235	0.0313
		-0.7165	0.0235	0.0231
		-0.6835	0.0119	0.0384
		-0.6475	0.0001	0.0386
		-0.641	-0.0003	0.024
		-0.6734	0.0039	0.0313
		-0.6952	0.0117	0.0391
		-0.6774	0.0117	0.0235
		-0.6829	0.004	0.0386
		-0.6594	-0.0001	0.0315
		-0.6387	-0.0039	0.0233
		-0.6352	0.004	0.0311
		-0.6173	0	0.0391
		-0.5746	0.0037	0.0159
		-0.5418	0.008	0.0152
		-0.5002	-0.0037	0.0309
		-0.4813	0	0.0313
		-0.4508	-0.008	0.0237
		-0.4273	-0.0156	0.0155
		-0.4228	0.0079	-0.0158
		-0.4013	-0.0039	0.0155
		-0.3962	0.004	0.0311
		-0.368	0.008	0.0229
		-0.3284	-0.0039	0.0155
		-0.3294	-0.0035	0.0305
		-0.2948	-0.0001	0.0158
		-0.2814	0.0003	0.015
		-0.2699	0.004	0.0153
		-0.2399	0.0039	0.0077
		-0.2048	-0.0035	0.0073
		-0.1953	0.0003	0.015
		-0.1386	-0.008	-0.0078
		-0.1396	0.0039	-0.0001
		-0.1179	0.0001	-0.0002
		-0.0992	-0.004	0.0078
		-0.0663	0.004	-0.008
		-0.0397	0.0044	-0.0007
		-0.0123	-0.0038	-0.0158
		-0.0063	0.0036	-0.0077
		-0.0055	0.0039	0.0077
		0.0041	0.0079	0.0075
		0.0321	0	-0.0236
		0.0437	0.0078	-0.0236
		0.0232	0.0001	-0.008
		0.0226	0.0118	-0.0236
		0.025	0.0002	-0.0236
		0.0407	-0.0156	-0.0236
		0.0112	0.0078	0.0078
		0.0247	0.0081	-0.0236
		0.0308	0.0079	-0.0236
		0.0342	0.0003	-0.0159
		0.0206	-0.0038	-0.0002
		0.0187	0.0002	-0.0081
		0.01	0.0038	0.0079
		0.0153	0.0157	-0.008
		0.0169	-0.0032	-0.0083
		0.0177	0	-0.008
		0.005	0.0156	0.008
		0.0106	0.0041	0.0074
		0.032	0.0078	-0.0157
		0.019	0.0077	0.0001
		0.0199	0.0116	0.0001
		0.0432	0.0039	-0.0236
		0.0394	0.0037	-0.0236
		0.029	0.0077	-0.0157
		0.038	-0.0042	-0.0157
		0.0343	-0.0078	-0.0001
		0.0289	0.0038	-0.0078
		0.0192	0.0118	-0.008
		0.0117	0.0079	0.0077
		0.0318	0.0118	-0.008
		0.0344	-0.0039	-0.0001
		0.0282	0	0.0078
		0.0312	-0.0001	0
		0.0427	0.0038	-0.0236
		0.0219	0.0041	-0.0003
		0.0211	0.0003	-0.0004
		0.0143	0.008	-0.0003
		0.0111	0.0118	-0.0002
		0.009	0.0001	0.0075
		0.0039	0	0.0155
		0.0164	0.0041	-0.0081
		0.0115	0.0118	-0.0002
		0.0231	0.0078	-0.0157
		0.0359	-0.0075	-0.0158
		0.0254	-0.0039	0.0077
		0.0269	0.0039	-0.0001


 element
wave