Mozilla/5.0 (Macintosh; Intel Mac OS X 10_9_5) AppleWebKit/537.36 (KHTML, like Gecko) Chrome/45.0.2454.93 Safari/537.36

 standard_deviation

 standard_deviation_mean
	0	-0.0218	0.0113

 standard_deviation
	0	0.0002	0.0014

 slope_aggresion
	0	0.0177	0.0436

 sum
	0	3.6814	4.9821

 raw
		0	-0.0118	-0.008
		0	-0.0403	0.0159
		0	-0.0164	0.0159
		0	-0.0161	-0.024
		0	-0.0164	-0.04
		0	-0.0323	0.08
		0	0.0068	0.08
		0	-0.0011	0.056
		0	0.0104	0.08
		0	-0.0158	0.0159
		0	-0.0526	-0.04
		0	-0.017	0.072
		0	-0.0323	-0.0719
		0	-0.0164	0.032
		0	-0.0202	0.032
		0	0.0003	-0.024
		0	-0.017	0.032
		0	-0.0204	0.048
		0	-0.0481	0
		0	-0.0081	0
		0	-0.0161	0.032
		0	-0.0405	-0.008
		0	-0.0282	-0.024
		0	-0.0199	-0.008
		0	-0.032	-0.024
		0	-0.0011	0.04
		0	-0.017	0.0159
		0	-0.0204	0.0079
		0	-0.0091	-0.008
		0	-0.0204	0.056
		0	-0.0369	-0.0639
		0	-0.0292	-0.048
		0	-0.032	0
		0	-0.032	0.0159
		0	0.0025	0.08
		0	-0.017	-0.048
		0	-0.0365	0.0079
		0	-0.021	0.0079
		0	-0.0161	0.048
		0	-0.0204	0.0159
		0	-0.0188	0.072
		0	-0.017	0
		0	-0.0164	-0.048
		0	-0.0081	0.04
		0	-0.0323	0.032
		0	-0.0403	0.0079
		0	-0.0482	-0.032
		0	-0.0164	0.0159
		0	-0.0603	-0.008
		0	-0.0091	0.0159
		0	-0.0482	-0.032
		0	-0.0323	-0.032
		0	-0.0004	0.0079
		0	-0.0363	-0.032
		0	-0.0173	0.12
		0	-0.0401	-0.008
		0	-0.0282	0.0159
		0	0.0222	0.096
		0	-0.0285	0.0159
		0	-0.0199	-0.024
		0	-0.0081	0.0079
		0	-0.0199	0.0159
		0	-0.0318	0.0159
		0	-0.0282	0
		0	-0.0285	0.048
		0	-0.0401	0.032
		0	-0.0004	0.048
		0	-0.0354	0
		0	0.0108	-0.04
		0	0	0.048
		0	0.0029	-0.048
		0	-0.0325	-0.008
		0	-0.0604	-0.008
		0	-0.0196	0.032
		0	-0.0124	0.0159
		0	-0.0121	0
		0	-0.0124	0.056
		0	-0.0091	-0.048
		0	-0.0004	0.08
		0	-0.0155	0
		0	-0.0363	0.032
		0	-0.0094	0
		0	-0.0361	0
		0	-0.0204	-0.008
		0	-0.0004	0.032
		0	-0.0011	0.048
		0	-0.032	-0.032
		0	-0.0325	-0.008
		0	-0.0292	-0.008
		0	-0.0401	-0.032
		0	-0.0523	0.056
		0	-0.0484	-0.024
		0	-0.032	-0.04
		0	-0.028	0
		0	-0.0285	0.0159
		0	-0.0202	0.056
		0	-0.0121	-0.024
		0	-0.0124	0.04
		0	-0.0164	0.032
		0	-0.0124	0.0079
		0	-0.0323	-0.032
		0	-0.0004	0.08
		0	-0.0361	-0.008
		0	-0.0081	0.04
		0	-0.0004	0.048
		0	-0.0081	0.032
		0	0.0076	0.048
		0	-0.0323	0
		0	-0.032	-0.032
		0	-0.0363	0.0159
		0	-0.0081	0.032
		0	-0.0518	-0.048
		0	0.0029	0.0079
		0	-0.0403	0.032
		0	-0.017	0.032
		0	0.004	0.088
		0	-0.017	0.0159
		0	0.0108	0.08
		0	-0.0285	-0.0719
		0	-0.0323	-0.032
		0	-0.0282	0.0079
		0	-0.0361	-0.0639
		0	-0.017	0.056
		0	-0.0282	0.112
		0	-0.0363	0.048
		0	-0.0124	0.0159
		0	-0.0091	-0.032
		0	-0.0401	0.04
		0	-0.017	0.032
		0	-0.013	-0.008
		0	-0.0363	0
		0	-0.0158	0.0079
		0	-0.021	0.0159
		0	-0.013	0.032
		0	-0.0015	0.032
		0	-0.028	-0.008
		0	-0.021	0.0079
		0	0.0064	0.04
		0	-0.0285	-0.032
		0	-0.0486	-0.0719
		0	-0.0282	-0.024
		0	-0.0173	0.0079
		0	-0.029	-0.024
		0	-0.0285	0.0079
		0	-0.0484	0.04
		0	-0.0282	0.04
		0	-0.0484	-0.0639
		0	-0.049	0.032
		0	-0.0164	0.096
		0	-0.0399	0.0079
		0	-0.0481	-0.008
		0	0.008	0.04
		0	-0.0161	0.04
		0	-0.0091	-0.024
		0	-0.0484	0.0159
		0	-0.0173	0
		0	-0.0091	-0.008
		0	-0.0369	0
		0	-0.0161	0
		0	-0.0124	0.032
		0	-0.0124	0


 element
wave