Mozilla/5.0 (Macintosh; Intel Mac OS X 10_9_5) AppleWebKit/537.36 (KHTML, like Gecko) Chrome/45.0.2454.93 Safari/537.36

 standard_deviation

 standard_deviation_mean
	0	0.0176	-0.0825

 standard_deviation
	0	0.0001	0.0011

 slope_aggression
	0	0.0139	0.0388

 sum
	0	1.4349	6.6597

 raw
		0	0.0075	-0.0997
		0	-0.0005	-0.1156
		0	0.0195	-0.0757
		0	0.0035	-0.1156
		0	0.0195	-0.1156
		0	0.0195	-0.0438
		0	0.0232	-0.0199
		0	-0.0005	-0.0837
		0	0.0196	-0.0358
		0	0.0195	-0.0997
		0	0.0235	-0.0598
		0	-0.0045	-0.1394
		0	0.0079	-0.0837
		0	0.0193	-0.0837
		0	0.0154	-0.0678
		0	-0.0048	-0.0997
		0	0.0075	-0.0837
		0	0.0276	-0.0678
		0	0.0276	0.02
		0	0.0276	-0.0678
		0	0.0154	-0.0997
		0	0.0355	-0.0199
		0	0.0195	-0.0598
		0	0.0356	-0.0279
		0	0.0153	-0.0598
		0	0.0033	-0.1156
		0	0.0239	-0.0438
		0	0.0599	0.012
		0	0.0276	-0.1235
		0	0.0154	-0.1394
		0	0.0356	-0.0757
		0	0.0071	-0.1235
		0	0.0234	-0.0837
		0	0.0035	-0.1235
		0	0.0235	-0.0837
		0	0.0033	-0.0997
		0	0.0075	-0.0757
		0	0.0035	-0.1156
		0	0.0031	-0.0997
		0	0.0356	-0.0757
		0	0.0075	-0.0997
		0	0.0154	-0.0358
		0	0.0196	-0.0837
		0	0.0236	-0.0598
		0	-0.0007	-0.1156
		0	0.0196	-0.0598
		0	0.0156	-0.0358
		0	0.0274	-0.0757
		0	0.0153	-0.0598
		0	0.0236	-0.1076
		0	0.0279	-0.1076
		0	0.0195	-0.1474
		0	-0.0001	-0.1156
		0	0.0035	-0.1076
		0	0.0192	-0.0837
		0	0.0192	-0.0837
		0	0.0195	-0.0997
		0	0.0154	-0.0598
		0	0.0478	-0.0199
		0	0.0073	-0.0997
		0	0.024	-0.0678
		0	0.0075	-0.1076
		0	0.0154	-0.0997
		0	0.0035	-0.1791
		0	0.0156	-0.0837
		0	0.0075	-0.0997
		0	0.0039	-0.0757
		0	0.0274	-0.0678
		0	0.0035	-0.0757
		0	0.0192	-0.0678
		0	0.0396	-0.0279
		0	0.0279	-0.0997
		0	0.0355	-0.0757
		0	0.0156	-0.0997
		0	0.0235	-0.0438
		0	0.0154	-0.1235
		0	0.0397	-0.0837
		0	0.0196	-0.1156
		0	0.0274	-0.0997
		0	0.0156	-0.0757
		0	0.0154	-0.0837


 element
wave