Mozilla/5.0 (Macintosh; Intel Mac OS X 10_9_5) AppleWebKit/537.36 (KHTML, like Gecko) Chrome/45.0.2454.93 Safari/537.36

 standard_deviation

 standard_deviation_mean
	0	0.0139	-0.0601

 standard_deviation
	0	0.0001	0.0011

 slope_aggression
	0	0.0125	0.0365

 sum
	0	1.1813	4.9013

 raw
		0	0.0122	-0.0437
		0	0.0002	-0.0517
		0	0.0205	-0.0358
		0	0.0121	-0.0118
		0	0.0203	-0.0517
		0	0.0122	-0.0198
		0	0.02	-0.0437
		0	0.0163	-0.0837
		0	0.004	-0.1156
		0	0.0243	-0.0198
		0	-0.0034	-0.0757
		0	0.0167	-0.0597
		0	-0.0039	-0.0917
		0	0.0161	-0.0517
		0	0.0002	-0.0917
		0	0.0161	-0.0917
		0	0.0161	-0.0198
		0	0.0243	-0.0837
		0	0.0242	-0.0757
		0	0.0202	-0.0597
		0	0.0161	-0.0757
		0	0.0202	-0.0358
		0	-0.0079	-0.1156
		0	-0.0001	-0.0757
		0	0.0161	-0.0917
		0	-0.0032	-0.0757
		0	0.0006	-0.0517
		0	0.0241	0.0361
		0	0.0242	-0.0437
		0	0.0237	-0.0198
		0	0.0242	-0.0437
		0	0.0121	-0.0757
		0	0.0207	-0.0358
		0	0.0121	-0.0517
		0	0.02	-0.0597
		0	-0.0041	-0.0837
		0	0.0042	-0.0837
		0	0.0321	-0.0517
		0	0.0245	-0.0517
		0	0.0242	-0.0996
		0	0.0121	-0.1156
		0	0.0242	-0.0198
		0	0.0322	-0.0118
		0	0.0122	-0.0198
		0	-0.0041	-0.0996
		0	0.02	-0.0118
		0	-0.0001	-0.0996
		0	0.0203	-0.0198
		0	0.0008	-0.0038
		0	0.0161	-0.0597
		0	0.0323	-0.0597
		0	0.004	-0.0517
		0	0.0119	-0.0996
		0	0.0121	-0.0917
		0	0.0322	-0.0118
		0	0.0161	-0.0517
		0	0.0245	-0.0917
		0	0.0203	-0.0437
		0	0.0161	-0.0597
		0	0.0122	-0.0757
		0	0.0161	-0.0597
		0	0.0245	-0.0837
		0	0.0161	-0.1236
		0	-0.0034	-0.0917
		0	0.0002	-0.0837
		0	0.0158	-0.0597
		0	0.0158	-0.0597
		0	0.0161	-0.0757
		0	0.0121	-0.0358
		0	0.0444	0.0042
		0	-0.0032	-0.1236
		0	0.0119	-0.0437
		0	0.024	-0.0118
		0	0.0121	-0.0757
		0	0.0002	-0.1554
		0	0.0122	-0.0597
		0	0.0042	-0.0757
		0	0.0006	-0.0517
		0	0.0241	-0.0437
		0	0.0002	-0.0517
		0	0.0158	-0.0437


 element
wave