Mozilla/5.0 (Macintosh; Intel Mac OS X 10_9_5) AppleWebKit/537.36 (KHTML, like Gecko) Chrome/45.0.2454.99 Safari/537.36

 standard_deviation

 standard_deviation_mean
	0	0.0122	-0.0799

 standard_deviation
	0	0.0001	0.0011

 slope_aggression
	0	0.0118	0.0391

 sum
	0	2.0843	12.7931

 raw
		0	0.008	-0.1156
		0	0.0077	-0.0678
		0	0.008	-0.1076
		0	0.0165	-0.0837
		0	0.016	-0.1076
		0	0.0279	-0.0279
		0	0.0034	-0.0757
		0	0.0158	-0.0757
		0	0.02	-0.1076
		0	0.0236	-0.0678
		0	0.0074	-0.0837
		0	0.0077	-0.0438
		0	0.0279	-0.0438
		0	0.008	-0.0518
		0	0.0077	-0.0518
		0	0.0238	-0.0359
		0	0.0236	-0.0279
		0	0.016	-0.0837
		0	0.0077	-0.0438
		0	0.0236	-0.0518
		0	0.016	-0.0757
		0	0.0037	-0.0917
		0	-0.0034	-0.1076
		0	0.0284	-0.0438
		0	-0.0007	-0.1235
		0	-0.0004	-0.1632
		0	0.004	-0.0837
		0	0.024	-0.0438
		0	0.0085	-0.0837
		0	0.008	-0.0518
		0	0.0158	-0.0837
		0	-0.0004	-0.1315
		0	-0.0007	-0.1156
		0	0.0205	-0.0837
		0	0.0155	-0.0678
		0	0.0034	-0.1474
		0	0.0045	-0.0917
		0	0.0034	-0.1235
		0	0.02	-0.0757
		0	0.0158	-0.0837
		0	-0.0041	-0.0678
		0	-0.0121	-0.0837
		0	-0.0044	-0.1076
		0	-0.0164	-0.1474
		0	0.0077	-0.0917
		0	0.0158	-0.0119
		0	0.0238	-0.0119
		0	0.0006	-0.0678
		0	0.0279	-0.0279
		0	0.008	-0.1076
		0	0.0279	-0.0359
		0	0.0359	-0.0438
		0	0.0074	-0.0837
		0	0.0198	-0.1156
		0	-0.0004	-0.1076
		0	0.0155	-0.0837
		0	0.0071	-0.0837
		0	0.0045	-0.0678
		0	0.0077	-0.1474
		0	0.0155	-0.0757
		0	0.008	-0.0678
		0	0.0358	-0.0837
		0	0.0158	-0.0678
		0	0.0037	-0.1076
		0	0.0158	-0.0757
		0	0.004	-0.0119
		0	0.0077	-0.0917
		0	0.0277	-0.0518
		0	0.0158	-0.0359
		0	0.0037	-0.1076
		0	0.016	-0.0757
		0	0.0158	-0.0438
		0	-0.0114	-0.1076
		0	0.0031	-0.0837
		0	0.0158	-0.1076
		0	0.02	-0.1315
		0	0.0245	-0.0518
		0	0.0074	-0.1156
		0	0.0153	-0.0917
		0	0.0045	-0.0837
		0	0.016	-0.1235
		0	-0.0004	-0.0917
		0	-0.0004	-0.0757
		0	0.0077	-0.0359
		0	0.0155	-0.0359
		0	0.0077	-0.0438
		0	0.0155	-0.0678
		0	0.0037	-0.1076
		0	0.0077	-0.0518
		0	0.0238	-0.1076
		0	0.0077	-0.0757
		0	0.024	-0.0678
		0	0.0045	-0.1235
		0	0.0198	-0.0518
		0	0.004	-0.1076
		0	0.0193	-0.0279
		0	0.0158	-0.0678
		0	0.0074	-0.0279
		0	0.0074	-0.1156
		0	0.008	-0.0119
		0	0.0205	-0.0678
		0	0.0074	-0.1076
		0	0.0196	-0.0279
		0	0.056	-0.0039
		0	0.0236	-0.0438
		0	0.0034	-0.0837
		0	-0.0001	-0.1235
		0	0.0238	-0.0438
		0	0.004	-0.1156
		0	0.0198	-0.0678
		0	0.016	-0.0757
		0	0.0158	-0.1235
		0	0.0198	-0.0917
		0	0.008	-0.0837
		0	0.0048	-0.1156
		0	0.02	-0.0837
		0	0.0281	-0.1076
		0	-0.0001	-0.0917
		0	0.0037	-0.1076
		0	0.0045	-0.0518
		0	0.0277	-0.0359
		0	0.0077	-0.1156
		0	0.0077	-0.0837
		0	0.004	-0.1076
		0	0.02	-0.0837
		0	0.0045	-0.0837
		0	0.0198	-0.1156
		0	0.016	0.004
		0	0.0034	-0.1156
		0	0.0034	-0.0917
		0	0.0198	-0.0917
		0	0.0037	-0.1156
		0	0.008	-0.0917
		0	0.0277	-0.0359
		0	-0.011	-0.1474
		0	0.0034	-0.0757
		0	0.0034	-0.0837
		0	-0.0114	-0.1156
		0	0.0158	-0.0359
		0	0.016	-0.1474
		0	0.0198	-0.0438
		0	0.0158	-0.0837
		0	0.0398	-0.0279
		0	0.0236	-0.0119
		0	0.0361	-0.0279
		0	0.0077	-0.1076
		0	0.0205	-0.0757
		0	0.0077	-0.0917
		0	0.004	-0.1315
		0	0.0077	-0.0757
		0	0.004	-0.1076
		0	0.008	-0.0917
		0	-0.0004	-0.1315
		0	0.024	-0.0518
		0	0.0077	-0.0678
		0	0.0158	-0.0917
		0	-0.0001	-0.1315
		0	-0.0007	-0.1076
		0	0.0198	-0.0678
		0	0.0356	-0.0678
		0	0.0397	-0.0678


 element
wave