Mozilla/5.0 (iPhone; CPU iPhone OS 7_1_2 like Mac OS X) AppleWebKit/537.51.2 (KHTML, like Gecko) Version/7.0 Mobile/11D257 Safari/9537.53

 standard_deviation

 standard_deviation_mean
	0.0165	-0.0008	0.0287

 standard_deviation
	0	0	0

 slope_aggression
	0.0002	0.0001	0.0002

 sum
	1.3213	0.0627	2.2972

 raw
		0.0038	-0.0015	0.0256
		0.0043	-0.0013	0.026
		0.0047	-0.0011	0.0255
		0.0052	-0.0012	0.0268
		0.0051	-0.0011	0.0269
		0.0053	-0.0005	0.0279
		0.0053	-0.0005	0.0278
		0.0056	-0.0007	0.0279
		0.0057	-0.0008	0.0278
		0.006	-0.0009	0.028
		0.006	-0.0009	0.028
		0.0063	-0.0013	0.0286
		0.0064	-0.0012	0.0286
		0.0067	-0.0011	0.0288
		0.0066	-0.0011	0.0289
		0.007	-0.0013	0.0287
		0.0083	-0.0009	0.029
		0.0083	-0.0008	0.0285
		0.0089	-0.0007	0.0286
		0.0092	-0.0008	0.0286
		0.0096	-0.0005	0.0287
		0.0097	-0.0007	0.0291
		0.0101	-0.0004	0.0289
		0.0121	-0.0005	0.0288
		0.0131	-0.0005	0.029
		0.0141	-0.0006	0.0295
		0.0145	-0.0009	0.0293
		0.0149	-0.0009	0.0292
		0.0156	-0.0007	0.0294
		0.0156	-0.0007	0.0294
		0.0171	-0.0012	0.0293
		0.0184	-0.001	0.0295
		0.0197	-0.001	0.0298
		0.0199	-0.0011	0.0294
		0.0202	-0.0009	0.0287
		0.0204	-0.0009	0.0287
		0.0204	-0.001	0.0289
		0.0203	-0.0009	0.0291
		0.021	-0.0008	0.0286
		0.0212	-0.001	0.0286
		0.0211	-0.001	0.0285
		0.0213	-0.0012	0.0284
		0.0214	-0.0012	0.0284
		0.0214	-0.001	0.0284
		0.0213	-0.0009	0.0283
		0.0213	-0.0009	0.0283
		0.0215	-0.0005	0.0281
		0.0215	-0.0006	0.0286
		0.0215	-0.0008	0.0288
		0.0215	-0.0008	0.0289
		0.0216	-0.0011	0.0288
		0.0216	-0.0012	0.0292
		0.0217	-0.0011	0.0292
		0.022	-0.0008	0.029
		0.0221	-0.0009	0.0288
		0.0218	-0.0009	0.0287
		0.0217	-0.0009	0.0287
		0.0216	-0.0011	0.0286
		0.0216	-0.0011	0.0286
		0.0218	-0.0011	0.0283
		0.0218	-0.001	0.0285
		0.0218	-0.001	0.0287
		0.0218	-0.001	0.0287
		0.0218	-0.0006	0.029
		0.0218	-0.0007	0.0287
		0.0216	-0.0005	0.0289
		0.0216	-0.0003	0.0292
		0.0215	-0.0005	0.0292
		0.0214	-0.0004	0.0295
		0.0215	-0.0003	0.0293
		0.0214	-0.0006	0.0291
		0.0216	-0.0003	0.0291
		0.0216	0	0.0292
		0.0215	-0.0001	0.0295
		0.0216	-0.0003	0.0295
		0.0217	-0.0004	0.0297
		0.0218	-0.0005	0.0292
		0.0217	-0.0008	0.0292
		0.0218	-0.0008	0.0291
		0.0219	-0.001	0.0292
		0.0219	-0.0009	0.0292


 element
celluar