Mozilla/5.0 (Linux; Android 5.1; XT1034 Build/LPB23.13-57) AppleWebKit/537.36 (KHTML, like Gecko) Chrome/45.0.2454.94 Mobile Safari/537.36

 standard_deviation

 standard_deviation_mean
	-0.0087	0.003	-0.0135

 standard_deviation
	0.0008	0	0.0001

 slope_aggression
	0.028	0.0062	0.0129

 sum
	4.1025	0.8383	2.4885

 raw
		-0.0406	0.0038	0.0038
		-0.0363	0.0079	-0.0041
		-0.0665	0.0076	0.0038
		-0.0127	0.0039	-0.0195
		-0.0391	0.0038	-0.0194
		-0.0331	0.0116	-0.0117
		-0.0275	0.0117	-0.0118
		-0.0409	-0.0002	-0.0038
		-0.0036	-0.0001	-0.0194
		0.0149	0.008	-0.0277
		-0.0322	0.0001	-0.0119
		-0.011	0.016	-0.02
		-0.036	0	-0.0039
		-0.0137	0.0001	-0.0197
		-0.0212	0.0039	-0.004
		-0.028	0.0001	-0.0196
		-0.0291	0.008	-0.0277
		-0.0386	0.0074	-0.0114
		-0.0498	0.0039	0.0038
		-0.0095	0.0038	-0.0194
		0.0425	-0.0038	-0.0351
		-0.0261	-0.0038	-0.004
		-0.0062	-0.0002	-0.0266
		-0.0315	0	-0.004
		-0.0212	0.0116	-0.004
		-0.0262	0.0001	-0.004
		-0.0234	0.004	0.0115
		-0.0234	0.0116	0.0115
		0.0257	0.0156	-0.0274
		0.0137	0.0039	-0.0272
		0.042	0.0082	-0.028
		-0.0335	0.0115	0.0115
		-0.0134	0.0037	-0.0115
		-0.0249	0.0113	-0.0191
		0.0403	0	-0.0427
		-0.0363	0.0037	-0.0039
		0.023	0.0157	-0.0275
		0.0263	0.004	-0.0275
		0.0232	-0.0116	-0.0272
		-0.0367	0.0079	-0.0041
		0.0052	0.0038	-0.0194
		-0.0277	0.0115	-0.0116
		0.0052	0.004	-0.0274
		-0.0547	0.0001	0.0038
		-0.0208	-0.0001	-0.0271
		-0.0154	0.004	-0.0274
		-0.0415	0.0078	-0.004
		-0.0141	0.0076	-0.0192
		-0.0278	-0.0001	-0.0115
		-0.0493	0.0117	-0.0196
		-0.0608	0.0039	-0.004
		-0.0236	0.0037	-0.0115
		0.0134	0	-0.0272
		-0.0053	-0.0077	-0.0275
		-0.0556	0.0002	-0.0042
		-0.0209	0.008	-0.0042
		0.0313	0.0102	-0.0105
		0.0544	-0.0037	-0.0198
		-0.0179	0	-0.0117
		0.0014	-0.0002	-0.0344
		0.0201	-0.0077	-0.035
		0.0049	0.0001	-0.0196
		0.027	0.0078	-0.0117
		0.0518	0.0078	-0.0117
		0.0057	-0.0001	-0.0192
		-0.0418	-0.004	-0.0039
		-0.0099	0	-0.0195
		-0.0184	-0.0001	-0.0116
		-0.0052	-0.0002	-0.019
		0.0338	0	-0.0272
		0.0138	0.004	-0.0274
		-0.0267	0.0078	-0.004
		-0.0065	0.008	-0.0042
		0.0389	0.0079	-0.0275
		0.0216	0.0003	-0.0201
		0.0109	0.0078	-0.0272
		-0.0046	0.0116	-0.0272
		0.0271	-0.0077	-0.0196
		0.0795	0.004	-0.0351
		0.0032	0.0003	-0.0042
		-0.0528	-0.0078	0.0038
		-0.0325	0.0078	-0.0117
		0.0213	0.0076	-0.0192
		0.0218	0.0038	-0.0194
		0.0352	0.004	-0.0274
		0.0065	0.0039	-0.0117
		-0.0009	-0.0078	-0.0194
		0.0184	-0.0038	-0.0274
		0.0222	-0.0001	-0.0116
		0.056	0.0003	-0.0278
		0.0367	0.0037	-0.0115
		0.0393	-0.0001	-0.0271
		-0.0229	0.0039	-0.0117
		-0.037	0.0037	-0.0038
		-0.0113	0.004	-0.004
		-0.0118	-0.0039	-0.0039
		-0.0263	0.0039	-0.004
		0.0008	-0.0079	-0.0114
		-0.0251	0.0078	0.0038
		-0.0317	0.0121	-0.0042
		0.0521	0.0157	-0.0431
		-0.0112	0.004	-0.0041
		0.0249	0.0038	-0.0194
		-0.0037	-0.0038	-0.0119
		-0.0525	-0.0077	0.0038
		-0.0183	0	-0.0117
		0.0142	-0.0116	-0.012
		0.0533	0.0115	-0.0271
		-0.0099	-0.0076	0.0037
		0.0096	0.0037	-0.0038
		0.0215	0.0037	-0.0191
		0.0481	0.0001	-0.0196
		-0.0109	0.0038	-0.0039
		0.0007	0.004	-0.0274
		-0.0391	-0.0116	0.0038
		0.0066	-0.0001	-0.0116
		-0.0745	0.0039	0.027
		-0.0701	0.0115	0.0038
		-0.0372	0.0042	-0.0121
		0.0044	0.0077	-0.0271
		-0.0063	0.0078	-0.0272
		-0.0001	0.004	-0.0274
		-0.0276	-0.0077	-0.0118
		-0.0047	-0.0076	-0.0198
		-0.027	0.0074	-0.0037
		-0.0231	0.0117	-0.0118
		-0.0457	0.0118	0.0037
		0.0156	0	-0.0117
		0.0096	-0.0116	-0.0198
		0.0234	0.0001	-0.0351
		0.0363	-0.004	-0.0344
		-0.0095	0.0078	0.0038
		-0.0116	0.0041	-0.0042
		-0.0538	0.0078	0.0115
		-0.0348	-0.0078	0.0038
		-0.0219	0.0078	-0.004
		-0.0106	0.0082	-0.0359
		-0.0337	0.0038	-0.0116
		-0.0034	0.0079	-0.0119
		0.0138	-0.0001	-0.0115
		-0.0052	-0.0039	-0.0117
		-0.0059	0.0001	-0.0196
		0.0161	0.0114	-0.0192
		0.0183	0.0039	-0.0117
		0.0262	0.0041	-0.0198
		-0.0244	0.004	-0.0196
		0.0018	-0.0001	-0.0348
		-0.0025	0.0078	-0.0117
		0.008	-0.0078	-0.0192
		-0.0429	0.0076	0.0115
		-0.0612	0.0042	0.0194
		-0.0081	0.0039	-0.0117
		-0.0139	-0.0001	-0.0115
		-0.023	0.004	-0.0119
		-0.0252	-0.0001	-0.0192
		-0.073	0.0001	0.0037
		-0.0219	-0.0001	-0.0271
		-0.0688	-0.0001	-0.0039
		-0.0435	0.0118	-0.0119
		0.0075	-0.0038	-0.0041
		-0.0349	0.0117	0.0038


 element
water