Mozilla/5.0 (Linux; Android 5.1.1; Nexus 5 Build/LMY48M) AppleWebKit/537.36 (KHTML, like Gecko) Chrome/45.0.2454.94 Mobile Safari/537.36

 standard_deviation

 standard_deviation_mean
	0.0008	0.0016	-0.0544

 standard_deviation
	0	0	0

 slope_aggression
	0	0	0

 sum
	0.1284	0.2629	8.7062

 raw
		0	-0.0001	-0.0514
		0	-0.0001	-0.0514
		0	-0.0001	-0.0514
		0.0008	0.0017	-0.0546
		0.0008	0.0017	-0.0546
		0.0008	0.0017	-0.0546
		0.0008	0.0017	-0.0546
		0.0008	0.0017	-0.0546
		0.0008	0.0017	-0.0546
		0.0008	0.0017	-0.0546
		0.0008	0.0017	-0.0546
		0.0008	0.0017	-0.0546
		0.0008	0.0017	-0.0546
		0.0008	0.0017	-0.0546
		0.0008	0.0017	-0.0546
		0.0008	0.0017	-0.0546
		0.0002	0.0024	-0.0581
		0.0002	0.0024	-0.0581
		0.0002	0.0024	-0.0581
		0.0002	0.0024	-0.0581
		0.0002	0.0024	-0.0581
		0.0002	0.0024	-0.0581
		0.0002	0.0024	-0.0581
		0.0002	0.0024	-0.0581
		0.0002	0.0024	-0.0581
		0.0002	0.0024	-0.0581
		0.0002	0.0024	-0.0581
		0.0002	0.0024	-0.0581
		0.0002	0.0024	-0.0581
		0.0002	0.0024	-0.0581
		0.0002	0.0024	-0.0581
		0.0002	0.0024	-0.0581
		0.0002	0.0024	-0.0581
		0.0002	0.0024	-0.0581
		0.0002	0.0024	-0.0581
		0.0002	0.0024	-0.0581
		0.0002	0.0024	-0.0581
		0.0002	0.0024	-0.0581
		0.0002	0.0024	-0.0581
		0.0002	0.0024	-0.0581
		0.0002	0.0024	-0.0581
		0.0002	0.0024	-0.0581
		0.0002	0.0024	-0.0581
		0.0002	0.0024	-0.0581
		0.0002	0.0024	-0.0581
		0.0002	0.0024	-0.0581
		0.0002	0.0024	-0.0581
		0.0002	0.0024	-0.0581
		0.0002	0.0024	-0.0581
		0.0002	0.0024	-0.0581
		0.0002	0.0024	-0.0581
		0.0002	0.0024	-0.0581
		0.0002	0.0024	-0.0581
		0.0002	0.0024	-0.0581
		0.0002	0.0024	-0.0581
		0.0002	0.0024	-0.0581
		0.0002	0.0024	-0.0581
		0.0002	0.0024	-0.0581
		0.0002	0.0024	-0.0581
		0.0002	0.0024	-0.0581
		0.0002	0.0024	-0.0581
		0.0002	0.0024	-0.0581
		0.0002	0.0024	-0.0581
		0.0002	0.0024	-0.0581
		0.0002	0.0024	-0.0581
		0.0002	0.0024	-0.0581
		0.0002	0.0024	-0.0581
		0.0002	0.0024	-0.0581
		0.0002	0.0024	-0.0581
		0.0002	0.0024	-0.0581
		0.0002	0.0024	-0.0581
		0.0002	0.0024	-0.0581
		0.0002	0.0024	-0.0581
		0.0002	0.0024	-0.0581
		0.0002	0.0024	-0.0581
		0.0002	0.0024	-0.0581
		0.0008	0.0017	-0.0546
		0.0008	0.0017	-0.0546
		0.0008	0.0017	-0.0546
		0.0008	0.0017	-0.0546
		0.0008	0.0017	-0.0546
		0.0008	0.0017	-0.0546
		0.0008	0.0017	-0.0546
		0.0008	0.0017	-0.0546
		0.0008	0.0017	-0.0546
		0.0008	0.0017	-0.0546
		0.0008	0.0017	-0.0546
		0.0008	0.0017	-0.0546
		0.0008	0.0017	-0.0546
		0.0008	0.0017	-0.0546
		0.0008	0.0017	-0.0546
		0.0008	0.0017	-0.0546
		0.0008	0.0017	-0.0546
		0.0008	0.0017	-0.0546
		0.0008	0.0017	-0.0546
		0.0008	0.0017	-0.0546
		0.0008	0.0017	-0.0546
		0.0008	0.0017	-0.0546
		0.0008	0.0017	-0.0546
		0.0008	0.0017	-0.0546
		0.0013	0.0008	-0.051
		0.0013	0.0008	-0.051
		0.0013	0.0008	-0.051
		0.0013	0.0008	-0.051
		0.0013	0.0008	-0.051
		0.0013	0.0008	-0.051
		0.0013	0.0008	-0.051
		0.0013	0.0008	-0.051
		0.0013	0.0008	-0.051
		0.0013	0.0008	-0.051
		0.0013	0.0008	-0.051
		0.0013	0.0008	-0.051
		0.0013	0.0008	-0.051
		0.0013	0.0008	-0.051
		0.0013	0.0008	-0.051
		0.0013	0.0008	-0.051
		0.0013	0.0008	-0.051
		0.0013	0.0008	-0.051
		0.0013	0.0008	-0.051
		0.0013	0.0008	-0.051
		0.0013	0.0008	-0.051
		0.0013	0.0008	-0.051
		0.0013	0.0008	-0.051
		0.0013	0.0008	-0.051
		0.0013	0.0008	-0.051
		0.0013	0.0008	-0.051
		0.0013	0.0008	-0.051
		0.0013	0.0008	-0.051
		0.0013	0.0008	-0.051
		0.0013	0.0008	-0.051
		0.0013	0.0008	-0.051
		0.0013	0.0008	-0.051
		0.0013	0.0008	-0.051
		0.0013	0.0008	-0.051
		0.0013	0.0008	-0.051
		0.0013	0.0008	-0.051
		0.0013	0.0008	-0.051
		0.0013	0.0008	-0.051
		0.0013	0.0008	-0.051
		0.0013	0.0008	-0.051
		0.0013	0.0008	-0.051
		0.0013	0.0008	-0.051
		0.0013	0.0008	-0.051
		0.0013	0.0008	-0.051
		0.0013	0.0008	-0.051
		0.0013	0.0008	-0.051
		0.0013	0.0008	-0.051
		0.0013	0.0008	-0.051
		0.0013	0.0008	-0.051
		0.0013	0.0008	-0.051
		0.0013	0.0008	-0.051
		0.0013	0.0008	-0.051
		0.0013	0.0008	-0.051
		0.0013	0.0008	-0.051
		0.0013	0.0008	-0.051
		0.0013	0.0008	-0.051
		0.0013	0.0008	-0.051
		0.0013	0.0008	-0.051
		0.0013	0.0008	-0.051
		0.0013	0.0008	-0.051
		0.0013	0.0008	-0.051


 element
wave