Mozilla/5.0 (Linux; Android 5.0.2; XT1034 Build/LXB22.46-32) AppleWebKit/537.36 (KHTML, like Gecko) Chrome/45.0.2454.94 Mobile Safari/537.36

 standard_deviation

 standard_deviation_mean
	0.0071	0.005	-0.0065

 standard_deviation
	0.0002	0	0.0002

 slope_aggresion
	0.0134	0.0059	0.0165

 sum
	1.7999	0.9763	2.1051

 raw
		0	-0.0001	-0.0039
		-0.0118	0.0038	-0.0272
		0.0065	0.0078	-0.004
		0.015	0.0075	0.0116
		0.0021	-0.0001	-0.0117
		-0.0008	-0.0001	-0.0117
		-0.0072	0.0115	-0.0272
		0.0114	0.012	0.0038
		0.0005	0.0078	-0.0118
		0.032	0.0118	0.0117
		0.0158	0.0077	-0.0039
		-0.0081	-0.0039	-0.0195
		0.0144	0.0079	0.0038
		0.0128	0.0041	0.0117
		-0.0192	0.0001	-0.0197
		0.0039	-0.0038	0.0038
		0.0302	0.0118	0.0117
		0.0103	-0.0038	-0.012
		0.006	0.008	-0.0198
		0.0063	0.0042	-0.0041
		-0.0063	-0.0077	-0.012
		-0.0038	0.0081	-0.012
		0.0011	0.0038	-0.0117
		0.0052	0.0076	-0.0117
		0.0109	0.0041	0.0038
		0.0111	0.0001	-0.004
		0.0078	0.0118	-0.0118
		0.0001	0.0001	-0.0119
		-0.0028	0.0041	-0.012
		0.0268	0.0115	0.0193
		0.0077	-0.0038	-0.004
		0.0031	-0.0036	-0.0122
		0.0179	-0.004	0.0038
		0.0061	0.008	-0.0119
		0.0012	0.0117	-0.0118
		0.007	0.0038	-0.0039
		0.0015	0.0038	-0.0117
		0.018	0.0115	0.0038
		0.0187	0.0038	0.0116
		0.0106	0.008	-0.004
		0.0077	0.0001	-0.004
		0.0089	0.0039	-0.004
		0.0052	0.0039	-0.004
		0.0133	0	0.0038
		0.0189	0.0084	-0.0042
		0.0096	0.0041	-0.0119
		0.0033	0.0078	-0.0118
		-0.0117	0.0119	-0.0198
		-0.0066	0.0081	-0.012
		-0.0183	0.0079	-0.0354
		0.0056	0.0079	-0.0197
		0.019	0.0039	-0.004
		0.0124	0.0118	-0.0118
		0.0166	0.0118	-0.0118
		0.0244	0.0076	0.0116
		-0.0083	0.0043	-0.028
		-0.0018	0.0039	-0.0118
		0.0095	-0.0117	0.0038
		0.0043	0.0041	-0.012
		-0.0013	0.0079	-0.0197
		0.0026	-0.0001	-0.0039
		-0.0069	0.0039	-0.0196
		-0.0044	0.0039	-0.0196
		0.0066	0.0041	-0.012
		0.0129	0.0039	-0.0118
		0.0081	0.0079	-0.0197
		0.0109	0.0115	-0.0194
		0.0041	0.0041	-0.0278
		0.0078	0.0001	-0.0119
		-0.0046	-0.0001	-0.0273
		0.0144	0.0116	-0.0039
		0.0072	0	-0.0118
		0.0169	0.0077	0.0038
		-0.001	0.0077	-0.0117
		0.0035	0.0037	-0.0039
		0.0284	0.0038	0.0116
		0.0229	0.0079	-0.004
		0.0155	0.004	-0.004
		0.0089	0.0038	-0.0039
		0.0171	0.008	0.0117
		-0.0029	0.0001	-0.0197
		-0.0164	-0.0039	-0.0351
		0.0112	0.0119	-0.0119
		0.0035	0.0154	-0.0194
		0.0022	0.0078	-0.004
		-0.0102	0.0002	-0.0199
		0.0391	0.004	0.0352
		0.003	0.0078	-0.004
		-0.0046	-0.0039	-0.0039
		0.0024	0.0041	-0.0119
		0.0531	0.0075	0.0346
		0.0168	0	-0.0118
		0.0182	0.0078	-0.0196
		0.0047	0.0038	-0.0272
		-0.0187	0.0001	-0.0354
		0.0021	0.0039	0.0117
		-0.0156	0.0041	-0.0119
		0.0174	0.004	0.0117
		0.014	0.0002	0.0038
		0.0043	0.0041	-0.012
		0.0289	0.0042	0.0118
		0.0069	0.008	-0.0119
		0.0197	0.004	0.0195
		0.0019	0.0117	-0.004
		0.0069	-0.0001	0.0116
		0.0058	0.016	-0.012
		0.0023	0.0118	-0.0197
		0.0255	0	0.0117
		-0.0109	-0.0039	-0.0351
		0.0143	-0.0039	0.0038
		0.004	0.0117	-0.0118
		0.0091	0.0078	-0.004
		-0.0024	0.0079	-0.0118
		0.0029	0.0038	-0.0117
		0.0134	0.0039	0.0038
		0.0022	0.0077	-0.0039
		-0.0114	0.0115	-0.0272
		0.01	0.0157	-0.0197
		0.0357	0.0001	0.0196
		0.0112	0.0075	-0.0115
		0.0041	0.008	-0.0119
		0.0062	0.0037	-0.0116
		0.0007	0	-0.0118
		-0.0005	0.0077	-0.0117
		-0.0027	-0.0038	-0.0041
		0.0195	0.0077	0.0038
		0.0004	0.0159	-0.0198
		0.0069	-0.0079	0.0116
		-0.0025	-0.0039	-0.0196
		0.1032	0.0115	0.1197
		0.013	0.004	-0.004
		-0.0179	0.0039	-0.0274
		0.0008	0.0039	0.0038
		-0.0155	0.0038	-0.0273
		-0.0143	-0.0078	-0.0197
		0.0008	0.0079	-0.0118
		0.014	0.0155	-0.0117
		0.0103	0.0041	-0.0041
		-0.0029	0.012	-0.0199
		-0.0077	0.004	-0.0275
		0.0216	0.0078	0.0117
		-0.0037	-0.0038	-0.0041
		-0.0137	-0.0001	-0.0195
		-0.0063	-0.0039	-0.0118
		-0.012	0	-0.0196
		0.004	0.0117	-0.004
		0.0195	-0.0001	0.0116
		0.0098	0.0154	-0.0039
		0.0182	0.0038	0.0116
		0.0127	0.0038	-0.0039
		0.0202	0.0077	0.0116
		0.0382	0.0119	0.0196
		0.0123	0.0077	-0.0117
		0.0262	-0.0002	0.0115
		0.014	0	-0.004
		0.0133	0.0041	-0.0041
		-0.008	0.016	-0.0278
		0.006	0.0157	-0.004
		0.0075	0.0118	-0.004
		0.0055	0.0038	-0.0039
		0.0048	0.0077	-0.0195


 element
wave