Mozilla/5.0 (Macintosh; Intel Mac OS X 10_9_5) AppleWebKit/537.36 (KHTML, like Gecko) Chrome/45.0.2454.93 Safari/537.36

 standard_deviation

 standard_deviation_mean
	0	-0.0074	-0.0735

 standard_deviation
	0	0.0001	0.0012

 slope_aggresion
	0	0.0161	0.037

 sum
	0	1.9864	11.8122

 raw
		0	-0.0001	-0.0997
		0	-0.0311	-0.0598
		0	-0.0043	-0.0678
		0	-0.0121	-0.0757
		0	0.0076	0.0041
		0	-0.0124	-0.1076
		0	-0.0241	-0.1235
		0	0.004	-0.0358
		0	0.004	-0.0358
		0	-0.0116	-0.0358
		0	-0.0124	-0.0837
		0	-0.0164	-0.0757
		0	0.0038	-0.0199
		0	0.0076	-0.0757
		0	0.0196	-0.0358
		0	-0.0124	-0.0997
		0	0.0198	0.0439
		0	0.0199	-0.0199
		0	-0.0003	-0.0598
		0	0.0076	-0.0438
		0	0.0078	-0.0598
		0	-0.0003	-0.0438
		0	-0.0161	-0.0757
		0	0.008	-0.0358
		0	-0.0164	-0.0757
		0	-0.0001	-0.0358
		0	-0.0046	-0.0438
		0	-0.0207	-0.1156
		0	-0.0041	-0.0678
		0	0.0004	-0.0358
		0	-0.0121	-0.1394
		0	-0.0121	-0.0598
		0	-0.0195	-0.0837
		0	-0.0248	-0.0997
		0	0.0198	-0.0757
		0	-0.0152	-0.0757
		0	0.004	-0.0438
		0	0.0033	-0.0438
		0	0.008	-0.0757
		0	-0.0046	-0.0598
		0	-0.0251	-0.1076
		0	0.0038	-0.0199
		0	0.0004	-0.0279
		0	-0.017	-0.0598
		0	-0.0041	-0.1156
		0	-0.0245	-0.1235
		0	0.0035	-0.0598
		0	-0.0311	0.0041
		0	0.0004	-0.0757
		0	-0.0207	-0.0997
		0	0.0076	-0.0598
		0	-0.0248	-0.0997
		0	-0.0204	-0.0997
		0	-0.0121	-0.0358
		0	0.0159	-0.0199
		0	-0.0043	-0.0358
		0	-0.0121	-0.1076
		0	0.0038	-0.0678
		0	0.0035	-0.0757
		0	-0.0043	-0.0757
		0	-0.0124	-0.0997
		0	-0.0311	-0.0598
		0	-0.0325	-0.1156
		0	-0.0121	-0.0837
		0	-0.0124	-0.0757
		0	-0.0235	-0.1553
		0	-0.0409	-0.1394
		0	-0.0325	-0.1076
		0	-0.0241	-0.1235
		0	-0.0161	-0.1156
		0	0.0078	-0.0438
		0	-0.0124	-0.1156
		0	-0.0001	-0.1076
		0	-0.0161	-0.1076
		0	-0.0124	-0.0757
		0	-0.0003	-0.0757
		0	-0.0041	-0.0997
		0	-0.0251	-0.1235
		0	0.0035	-0.0358
		0	-0.0161	-0.0757
		0	0.0038	-0.1076
		0	-0.0121	-0.0837
		0	-0.0204	-0.0997
		0	0.0044	-0.1394
		0	-0.0164	-0.0598
		0	-0.0121	-0.0837
		0	-0.0003	-0.1394
		0	-0.0121	-0.0279
		0	0.0004	-0.1156
		0	-0.0192	-0.0678
		0	-0.0124	-0.0678
		0	-0.0201	-0.1235
		0	-0.0041	-0.0837
		0	-0.0152	-0.0997
		0	-0.0121	-0.0678
		0	0.0006	-0.0598
		0	-0.039	-0.0678
		0	-0.0041	-0.0199
		0	-0.0048	-0.0358
		0	-0.0241	-0.1076
		0	-0.0155	-0.0598
		0	-0.0164	-0.0358
		0	-0.0179	-0.0757
		0	-0.0152	-0.0757
		0	0.0035	-0.0438
		0	-0.0116	-0.0199
		0	0.0152	-0.0438
		0	0.0164	-0.0598
		0	-0.0167	-0.0757
		0	-0.0036	-0.0757
		0	0.0044	-0.0837
		0	-0.0036	-0.0678
		0	-0.0043	-0.0757
		0	-0.0314	-0.1235
		0	0.0359	-0.0039
		0	0.0078	-0.0438
		0	-0.0041	-0.0279
		0	-0.0012	-0.0358
		0	0.0076	-0.0199
		0	-0.0113	-0.0358
		0	-0.0321	-0.1633
		0	-0.0121	-0.0757
		0	-0.0003	-0.0598
		0	-0.0041	-0.0757
		0	-0.0005	-0.0438
		0	-0.0041	-0.0837
		0	-0.0041	-0.1235
		0	0.0074	-0.0678
		0	-0.0161	-0.1076
		0	0.008	-0.0997
		0	-0.0204	-0.0997
		0	-0.0245	-0.0438
		0	0.0035	-0.0678
		0	-0.0129	-0.0358
		0	0.0044	-0.0837
		0	0.004	-0.0039
		0	-0.0161	-0.0997
		0	-0.0005	-0.0678
		0	0.0035	-0.0997
		0	-0.0001	-0.0438
		0	-0.0321	-0.0757
		0	-0.0192	-0.0997
		0	-0.0155	-0.0837
		0	-0.0361	-0.1156
		0	0.0078	-0.0358
		0	0.0076	-0.0598
		0	0.0157	-0.0997
		0	-0.0201	-0.1394
		0	0.0159	-0.0358
		0	-0.0121	-0.0757
		0	-0.0332	-0.0757
		0	0.0038	-0.0757
		0	-0.0041	-0.1156
		0	0.0201	-0.0997
		0	-0.0161	-0.0678
		0	-0.0001	-0.0757
		0	-0.0311	-0.1235
		0	0.0076	-0.0598
		0	-0.0161	-0.0757
		0	0.0078	-0.0837
		0	-0.0325	-0.1156


 element
wave