Mozilla/5.0 (Linux; Android 5.0.2; XT1034 Build/LXB22.46-32) AppleWebKit/537.36 (KHTML, like Gecko) Chrome/45.0.2454.94 Mobile Safari/537.36

 standard_deviation

 standard_deviation_mean
	-0.0126	0.0139	-0.0759

 standard_deviation
	0.0004	0	0.0003

 slope_aggression
	0.0235	0.0096	0.0215

 sum
	1.5691	1.152	6.0856

 raw
		-0.0073	0.0079	-0.1058
		0.02	0.0187	-0.084
		-0.0074	0.0076	-0.0787
		-0.0242	0.0164	-0.1082
		-0.0092	0.0185	-0.0974
		-0.0066	0.0047	-0.0808
		-0.0103	0.0044	-0.0939
		-0.0029	0.0127	-0.0686
		-0.0497	-0.0026	-0.0906
		0.0198	0.0235	-0.0706
		-0.0109	0.0127	-0.1094
		-0.0326	0.0162	-0.0974
		-0.0261	0.0146	-0.0572
		-0.0496	0.0013	-0.0928
		0.0018	0.0074	-0.0545
		0.0245	0.0093	-0.0808
		-0.0472	-0.0102	-0.1162
		-0.0208	0.0084	-0.0962
		0.0098	0.0237	-0.0572
		-0.0348	0.0081	-0.1094
		-0.0502	-0.0002	-0.0939
		0.0014	0.0219	-0.0851
		-0.0038	0.0144	-0.0706
		-0.0062	0.0156	-0.0829
		-0.006	0.0271	-0.0997
		0.0367	0.0249	-0.0446
		-0.014	0.0116	-0.0808
		-0.0131	0.017	-0.0819
		-0.0323	0.0095	-0.0677
		-0.029	0.0149	-0.0686
		0.019	0.0235	-0.0706
		0.0365	0.0178	-0.0288
		-0.014	0.0113	-0.0939
		-0.0038	0.0093	-0.0808
		-0.0145	0.0201	-0.0829
		-0.0262	0.0156	-0.0829
		-0.0117	0.0176	-0.0962
		0.0114	0.0181	-0.0696
		-0.0094	0.0133	-0.0829
		0.0052	0.0206	-0.0563
		-0.0183	0.0178	-0.0829
		-0.0473	0.0049	-0.0677
		-0.0173	0.0165	-0.084
		-0.0135	0.0127	-0.0686
		-0.0023	0.0146	-0.0572
		-0.042	0.0089	-0.0696
		-0.0063	0.0289	-0.0716
		-0.0077	0.0185	-0.0726
		-0.0287	0.009	-0.0939
		0.0177	0.0267	-0.0716
		-0.0051	0.0133	-0.0288
		-0.0293	0.0152	-0.0554
		-0.0457	0.0124	-0.0819
		-0.045	0.0167	-0.095
		0.0005	0.0209	-0.0296
		-0.0646	0.0005	-0.0917
		-0.0075	0.0223	-0.0829
		-0.0553	0.0062	-0.0798
		-0.046	0.0201	-0.124
		-0.0436	0.0028	-0.0545
		0.0145	0.025	-0.0563
		0.0052	0.0183	-0.0563
		0.0006	0.0281	-0.112
		-0.032	0.0033	-0.0658
		-0.016	0.0199	-0.0716
		0.0029	0.0206	-0.0563
		-0.0292	0.0022	-0.0406
		-0.0137	0.0138	-0.0563
		-0.034	0.0233	-0.084
		-0.0193	0.0132	-0.0667
		0.0096	0.0112	-0.0696
		0.0242	0.0116	-0.0808
		0.0023	0.0056	-0.0658
		0.0077	0.0138	-0.0563
		0.0214	0.0283	-0.0873
		0.0008	0.0112	-0.0696
		-0.0033	0.0167	-0.0706
		-0.006	0.0181	-0.0696
		-0.0188	0.0058	-0.0528
		-0.0056	0.0163	-0.0677
		-0.041	0.006	-0.0554


 element
wave