Mozilla/5.0 (Macintosh; Intel Mac OS X 10_9_5) AppleWebKit/537.36 (KHTML, like Gecko) Chrome/45.0.2454.93 Safari/537.36

 standard_deviation

 standard_deviation_mean
	0	-0.0021	-0.0975

 standard_deviation
	0	0.0002	0.001

 slope_aggression
	0	0.016	0.0366

 sum
	0	0.9316	7.7585

 raw
		0	0.004	-0.0877
		0	-0.028	-0.1275
		0	0.012	-0.1116
		0	-0.0001	-0.1116
		0	0.004	-0.0877
		0	-0.0195	-0.1354
		0	-0.0083	-0.1513
		0	0.0078	-0.0718
		0	-0.0079	-0.0877
		0	0.0004	-0.0957
		0	-0.0115	-0.0877
		0	0.0086	-0.0797
		0	0.0082	-0.1672
		0	-0.016	-0.0957
		0	-0.012	-0.0797
		0	0.0082	-0.0797
		0	-0.0202	-0.1195
		0	-0.0315	-0.1593
		0	0.008	-0.0877
		0	-0.0155	-0.1275
		0	-0.0155	-0.0797
		0	-0.0195	-0.1513
		0	0.004	-0.0797
		0	0.0041	-0.1195
		0	0.0046	-0.1354
		0	-0.0079	-0.0877
		0	0.0001	-0.0718
		0	-0.0153	-0.0877
		0	-0.0122	-0.0797
		0	0.0118	-0.0957
		0	-0.032	-0.1513
		0	-0.012	-0.0558
		0	-0.0079	-0.1116
		0	0.0202	-0.0797
		0	0.004	-0.0558
		0	0.0241	-0.1116
		0	0.0122	-0.1513
		0	-0.0326	-0.1275
		0	0.0084	-0.0319
		0	0.004	-0.0478
		0	0.0283	-0.0319
		0	0.0242	-0.1195
		0	0.0124	-0.0957
		0	0.0041	-0.0877
		0	-0.012	-0.0957
		0	0.0001	-0.0558
		0	-0.0075	-0.1275
		0	0.0038	-0.1116
		0	0.008	-0.0957
		0	-0.0205	-0.1275
		0	-0.0001	-0.1116
		0	0.012	-0.0797
		0	0.0044	-0.0797
		0	0.0041	-0.0478
		0	0.0082	-0.0797
		0	-0.0195	-0.1909
		0	0.0122	-0.1116
		0	0.02	-0.0877
		0	-0.0122	-0.1275
		0	-0.0079	-0.0718
		0	0.008	-0.1195
		0	-0.0079	-0.0797
		0	-0.0081	-0.0877
		0	-0.0001	-0.0877
		0	-0.0122	-0.0399
		0	0.0044	-0.0558
		0	0.0283	-0.0718
		0	0.0122	-0.0718
		0	-0.016	-0.1354
		0	0.0201	-0.0797
		0	-0.0115	-0.1116
		0	-0.0283	-0.1195
		0	-0.0079	-0.1116
		0	-0.0122	-0.0877
		0	-0.0081	-0.0399
		0	0.012	-0.1116
		0	0.0082	-0.0558
		0	-0.012	-0.1275
		0	-0.0079	-0.0797
		0	0.0004	-0.0877
		0	-0.0286	-0.1354


 element
wave