Mozilla/5.0 (Linux; Android 5.1; XT1034 Build/LPB23.13-57) AppleWebKit/537.36 (KHTML, like Gecko) Chrome/45.0.2454.94 Mobile Safari/537.36

 standard_deviation

 standard_deviation_mean
	-0.0369	-0.0027	0.0271

 standard_deviation
	0.0003	0	0.0001

 slope_aggression
	0.0193	0.0086	0.0156

 sum
	2.9891	0.5145	2.1936

 raw
		0.005	-0.0001	0.0284
		0.0146	0.0084	0.0285
		-0.0228	-0.0122	0.0202
		-0.0191	-0.005	0.0283
		-0.0412	-0.005	0.0283
		-0.0389	0.0035	0.0284
		-0.0865	-0.018	0.0041
		-0.0448	-0.005	0.0202
		-0.0267	-0.0097	0.0367
		-0.0246	-0.0024	0.0367
		-0.0632	-0.0122	0.0202
		-0.0326	0.0035	0.0365
		-0.0265	0.0061	0.0369
		-0.0041	-0.0025	0.053
		-0.0535	-0.0096	-0.0041
		-0.0241	-0.004	0.036
		-0.028	-0.0146	0.0365
		-0.0674	-0.0047	0.0041
		-0.0387	-0.0098	0.0281
		-0.0465	-0.0037	0.0121
		-0.0468	-0.0039	0.028
		-0.0781	-0.0134	0.012
		-0.0462	0.0111	0.0123
		-0.0279	-0.0037	0.0365
		-0.0258	-0.0027	0.0442
		-0.0493	-0.0097	0.0367
		-0.0554	-0.0001	0.0203
		-0.0389	0.0094	0.004
		-0.0323	-0.0109	0.0365
		-0.0204	-0.0111	0.0441
		-0.0421	-0.0047	0.0205
		-0.0395	-0.0073	0.0284
		-0.0196	-0.0037	0.0446
		-0.0294	0.0009	0.0281
		-0.0466	-0.0039	0.0119
		-0.021	0.0071	0.0365
		-0.0404	0.0032	0.0119
		-0.0446	0.0003	0.0123
		-0.0367	0.0026	-0.0041
		-0.0187	-0.0047	0.0123
		-0.0429	-0.0111	0.028
		-0.0556	-0.017	0.0367
		-0.0235	0.0084	0.0367
		-0.0488	-0.0037	0.0365
		-0.0268	0.0035	0.0365
		-0.0444	-0.0037	0.0203
		-0.0078	0.0035	0.0284
		-0.024	0.0084	0.0204
		-0.0364	-0.0086	0.0444
		-0.0297	0.0022	0.0283
		-0.0575	-0.0132	0.004
		-0.0008	0.0012	0.0367
		-0.0105	-0.006	0.0285
		-0.0106	-0.0062	0.0281
		-0.0535	-0.0039	0.0039
		-0.01	-0.0012	0.0614
		-0.0405	-0.0047	0.0205
		-0.0231	-0.0061	0.0448
		-0.04	0.0061	0.0287
		-0.0601	0.0035	0.004
		-0.017	-0.0038	0.0528
		-0.0338	-0.0109	0.0203
		-0.0185	-0.0062	0.0281
		-0.0272	0.0022	0.0202
		-0.0781	-0.0049	-0.0122
		-0.0469	-0.0086	0.0202
		-0.0261	0.0057	0.0444
		-0.0299	0.0084	0.0448
		-0.0353	0.0048	0.0285
		-0.0441	-0.0109	0.0284
		-0.02	0.0106	0.0365
		-0.0491	-0.0109	0.0365
		-0.0544	0.0098	0.0205
		-0.0382	0.0038	0.037
		-0.0439	-0.0001	0.0365
		-0.0614	-0.0062	0.0281
		-0.0653	0.0071	0.0284
		-0.061	-0.005	0.0364
		-0.0654	-0.006	0.0204
		-0.0625	-0.0134	0.0201
		-0.0382	0.0084	0.0448


 element
wave