Mozilla/5.0 (Macintosh; Intel Mac OS X 10_9_5) AppleWebKit/537.36 (KHTML, like Gecko) Chrome/45.0.2454.99 Safari/537.36

 standard_deviation

 standard_deviation_mean
	0	0.0064	-0.0594

 standard_deviation
	0	0.0001	0.001

 slope_aggression
	0	0.0149	0.0356

 sum
	0	0.9212	4.9775

 raw
		0	0.0038	-0.0638
		0	-0.0078	-0.0398
		0	0.02	-0.0558
		0	0.0119	-0.0638
		0	-0.0165	-0.1036
		0	0.024	-0.0398
		0	0.0038	-0.0717
		0	0.0042	-0.0558
		0	0.0078	-0.0558
		0	0.0078	-0.0239
		0	0.0002	-0.0797
		0	0.004	-0.0957
		0	0.0123	-0.0957
		0	-0.011	-0.0558
		0	0.024	-0.0638
		0	0.0282	-0.0239
		0	0.0082	-0.0638
		0	0.004	-0.0638
		0	0.0121	-0.0558
		0	0.0246	-0.0398
		0	0.028	0.0479
		0	0.028	0.0001
		0	0.0126	-0.0717
		0	0.008	-0.0558
		0	0.0078	-0.0797
		0	-0.0118	-0.0239
		0	0.0242	-0.0318
		0	0.0042	-0.0957
		0	-0.0078	-0.0558
		0	0.004	-0.0797
		0	0.0042	-0.0558
		0	-0.0192	-0.0717
		0	0.0203	-0.0638
		0	0.0123	-0.0638
		0	0.004	-0.0239
		0	-0.0078	-0.0159
		0	0.0047	-0.0717
		0	0.004	-0.0797
		0	-0.0152	-0.1116
		0	0.0119	-0.0398
		0	0.0126	-0.0398
		0	-0.0159	-0.1116
		0	-0.0078	-0.0717
		0	0.024	-0.0318
		0	0.0007	-0.0558
		0	0.0119	-0.0957
		0	-0.0081	-0.1036
		0	0.0126	0.0001
		0	0.0203	-0.0159
		0	0.0007	-0.0957
		0	0.0002	-0.0318
		0	0.0002	-0.0558
		0	0.0078	-0.0797
		0	0.02	-0.0318
		0	0.0042	-0.0638
		0	-0.0311	-0.1196
		0	0.0198	-0.0398
		0	-0.0003	-0.0957
		0	0.0201	-0.0318
		0	0.0087	-0.0558
		0	0.008	-0.0717
		0	-0.0078	-0.0957
		0	0.0121	-0.0558
		0	0.0201	-0.1036
		0	0.0282	-0.0797
		0	0.0007	-0.0717
		0	0.0047	-0.0638
		0	-0.0078	-0.0717
		0	0.0038	-0.1036
		0	0.0123	0.0559
		0	0.0201	-0.0239
		0	0.0038	-0.0558
		0	-0.0113	-0.1116
		0	0.0082	-0.0717
		0	-0.0118	-0.0957
		0	0.0281	-0.0318
		0	0.0117	-0.0398
		0	-0.011	-0.0957
		0	0.0002	-0.0717
		0	0.0042	-0.0318
		0	0.024	-0.0398


 element
wave