Mozilla/5.0 (Linux; Android 5.1.1; Nexus 7 Build/LMY48M) AppleWebKit/537.36 (KHTML, like Gecko) Chrome/43.0.2357.93 Safari/537.36

 standard_deviation

 standard_deviation_mean
	0	-0.0001	-0.0001

 standard_deviation
	0	0	0

 slope_aggresion
	0	0	0

 sum
	0	0	0

 raw
		0	-0.0001	-0.0001
		0	-0.0001	-0.0001
		0	-0.0001	-0.0001
		0	-0.0001	-0.0001
		0	-0.0001	-0.0001
		0	-0.0001	-0.0001
		0	-0.0001	-0.0001
		0	-0.0001	-0.0001
		0	-0.0001	-0.0001
		0	-0.0001	-0.0001
		0	-0.0001	-0.0001
		0	-0.0001	-0.0001
		0	-0.0001	-0.0001
		0	-0.0001	-0.0001
		0	-0.0001	-0.0001
		0	-0.0001	-0.0001
		0	-0.0001	-0.0001
		0	-0.0001	-0.0001
		0	-0.0001	-0.0001
		0	-0.0001	-0.0001
		0	-0.0001	-0.0001
		0	-0.0001	-0.0001
		0	-0.0001	-0.0001
		0	-0.0001	-0.0001
		0	-0.0001	-0.0001
		0	-0.0001	-0.0001
		0	-0.0001	-0.0001
		0	-0.0001	-0.0001
		0	-0.0001	-0.0001
		0	-0.0001	-0.0001
		0	-0.0001	-0.0001
		0	-0.0001	-0.0001
		0	-0.0001	-0.0001
		0	-0.0001	-0.0001
		0	-0.0001	-0.0001
		0	-0.0001	-0.0001
		0	-0.0001	-0.0001
		0	-0.0001	-0.0001
		0	-0.0001	-0.0001
		0	-0.0001	-0.0001
		0	-0.0001	-0.0001
		0	-0.0001	-0.0001
		0	-0.0001	-0.0001
		0	-0.0001	-0.0001
		0	-0.0001	-0.0001
		0	-0.0001	-0.0001
		0	-0.0001	-0.0001
		0	-0.0001	-0.0001
		0	-0.0001	-0.0001
		0	-0.0001	-0.0001
		0	-0.0001	-0.0001
		0	-0.0001	-0.0001
		0	-0.0001	-0.0001
		0	-0.0001	-0.0001
		0	-0.0001	-0.0001
		0	-0.0001	-0.0001
		0	-0.0001	-0.0001
		0	-0.0001	-0.0001
		0	-0.0001	-0.0001
		0	-0.0001	-0.0001
		0	-0.0001	-0.0001
		0	-0.0001	-0.0001
		0	-0.0001	-0.0001
		0	-0.0001	-0.0001
		0	-0.0001	-0.0001
		0	-0.0001	-0.0001
		0	-0.0001	-0.0001
		0	-0.0001	-0.0001
		0	-0.0001	-0.0001
		0	-0.0001	-0.0001
		0	-0.0001	-0.0001
		0	-0.0001	-0.0001
		0	-0.0001	-0.0001
		0	-0.0001	-0.0001
		0	-0.0001	-0.0001
		0	-0.0001	-0.0001
		0	-0.0001	-0.0001
		0	-0.0001	-0.0001
		0	-0.0001	-0.0001
		0	-0.0001	-0.0001
		0	-0.0001	-0.0001


 element
celluar