Mozilla/5.0 (Macintosh; Intel Mac OS X 10_9_5) AppleWebKit/537.36 (KHTML, like Gecko) Chrome/45.0.2454.93 Safari/537.36

 standard_deviation

 standard_deviation_mean
	0	0.0233	-0.0798

 standard_deviation
	0	0.0003	0.001

 slope_aggresion
	0	0.0192	0.036

 sum
	0	1.9576	6.3958

 raw
		0	0.0596	-0.0119
		0	0.0113	-0.0757
		0	0.0434	-0.0598
		0	0.0394	-0.0598
		0	-0.0003	-0.0917
		0	0.0037	-0.0917
		0	0.0237	-0.0996
		0	0.0113	-0.0757
		0	0.0113	-0.0598
		0	0.0111	-0.1315
		0	0.0267	-0.0757
		0	0.0037	-0.0278
		0	0.0062	-0.1315
		0	0.0312	-0.0917
		0	0.0434	-0.0518
		0	0.0637	-0.0598
		0	0.0312	-0.0996
		0	0.0066	-0.1076
		0	0.0071	-0.0598
		0	0.0229	-0.0278
		0	0.0037	-0.1474
		0	0.0393	-0.0917
		0	0.019	-0.1076
		0	-0.012	-0.0917
		0	0.0062	-0.0677
		0	0.0516	-0.0119
		0	0.0316	-0.0598
		0	0.0119	-0.1156
		0	0.0312	-0.1076
		0	0.0474	-0.0358
		0	0.0028	-0.1395
		0	0.0312	-0.0757
		0	0.0274	-0.0917
		0	0.0274	-0.0757
		0	0.0273	-0.0677
		0	0.0276	-0.0917
		0	-0.0008	-0.0677
		0	0.0192	-0.0757
		0	0.0515	-0.0757
		0	0.0475	-0.0677
		0	0.0393	-0.1076
		0	0.0238	-0.0518
		0	0.0392	-0.0518
		0	0.0037	-0.0757
		0	-0.0083	-0.0518
		0	0.0434	-0.0278
		0	0.0267	-0.0598
		0	0.0113	-0.1315
		0	0.0079	-0.1076
		0	0.0073	-0.0677
		0	-0.008	-0.0278
		0	0.0396	-0.1554
		0	0.0314	-0.0677
		0	0.0596	-0.0757
		0	0.0636	-0.0119
		0	0.0436	-0.0757
		0	0.0476	0.0041
		0	0.0111	-0.0757
		0	0.0192	-0.1156
		0	0.0276	-0.1156
		0	0.0073	-0.0917
		0	0.0474	-0.0677
		0	-0.0159	-0.1076
		0	0.0433	-0.0757
		0	0.0193	-0.1156
		0	0.0237	-0.1156
		0	0.0113	-0.1395
		0	0.0193	-0.1076
		0	0.0192	-0.1076
		0	0.0068	-0.0917
		0	0.0111	-0.0598
		0	0.0079	-0.0677
		0	0.0393	-0.0917
		0	0.0234	-0.0598
		0	-0.001	-0.1474
		0	0.0314	-0.0598
		0	0.0276	-0.0757
		0	0.0231	-0.0677
		0	-0.0003	-0.0757
		0	0.0395	-0.0598
		0	0.0232	-0.0757


 element
wave