Mozilla/5.0 (Linux; Android 5.1; XT1034 Build/LPB23.13-57) AppleWebKit/537.36 (KHTML, like Gecko) Chrome/45.0.2454.94 Mobile Safari/537.36

 standard_deviation

 standard_deviation_mean
	-0.0082	0.0032	-0.006

 standard_deviation
	0.001	0	0.0001

 slope_aggression
	0.0293	0.0079	0.014

 sum
	4.2944	0.9833	1.8543

 raw
		-0.0601	-0.0001	0.004
		-0.0867	0.0155	0.0038
		-0.0502	-0.0001	0.0039
		-0.0023	-0.0003	-0.0111
		-0.0387	-0.0117	-0.0038
		-0.0192	0.0156	0.0038
		0.033	-0.0001	-0.0116
		0.0005	0.0195	0.0038
		-0.0585	0.0038	0.0116
		-0.0402	0.0078	0.0038
		-0.0186	0.0114	-0.0115
		0.0282	-0.0038	-0.0359
		-0.006	0	-0.0039
		0.0438	0.0115	-0.0194
		0.0265	0.0038	-0.0039
		0.0359	0.0078	-0.0118
		0.0527	0.0038	-0.0116
		0.0227	0	-0.0041
		0.0298	0.0074	-0.0111
		0.016	-0.0038	-0.02
		-0.0062	0.0037	-0.0192
		-0.0213	0	0.0194
		0.0518	-0.0001	-0.0192
		-0.0101	0	-0.0118
		-0.0749	0.004	0.0037
		-0.0264	-0.0001	-0.0039
		0.0455	0.0077	-0.0271
		0.0207	0.0076	-0.0115
		-0.0015	-0.0039	-0.0118
		-0.0135	-0.0001	-0.0038
		-0.0245	0.0155	0.0038
		0.0074	0.0038	-0.0116
		-0.0345	0.0116	0.0038
		-0.0173	0	-0.0039
		-0.0056	0.0078	0.0038
		-0.0114	0.0076	-0.0115
		-0.0127	0.004	-0.0198
		-0.0198	0.0038	0.0038
		0.04	0.0117	-0.0275
		-0.0262	0.0157	-0.0041
		0.04	0.004	-0.02
		0.0161	0.0077	-0.0116
		0.0066	-0.0039	-0.0195
		0.0292	-0.0078	-0.0351
		-0.0148	0	-0.004
		0.0479	0.0153	-0.0269
		0.0316	-0.0001	-0.0194
		0.0316	0.004	-0.02
		0.043	0.0038	-0.0039
		-0.0168	0.0116	-0.0039
		-0.0537	-0.0078	0.0116
		-0.0083	0.0038	-0.0039
		-0.023	0	-0.0041
		-0.0572	-0.004	-0.0039
		-0.0093	-0.0078	-0.0195
		0.0013	-0.0117	-0.0117
		-0.0038	0.0038	0.0116
		0.0452	0.0132	-0.0221
		-0.0472	0.0038	0.0194
		0.0165	0.0119	-0.0042
		-0.0137	0.0116	0.0116
		-0.0425	-0.0117	0.0194
		-0.0102	0.0037	0.004
		-0.0232	0.0038	-0.0039
		-0.0115	0.0078	0.0038
		0.0477	-0.0039	-0.0273
		0.0251	-0.0039	-0.0353
		-0.0065	0.0117	-0.0275
		-0.0632	-0.0039	0.0116
		-0.0201	0.0114	0.004
		0.0096	0.0077	-0.0195
		0.0385	-0.0001	-0.0194
		-0.0011	0.0037	-0.0038
		-0.0825	0.004	0.0116
		-0.018	0.0156	-0.0118
		-0.0434	0.0038	0.0117
		-0.0158	0.0079	-0.0041
		0.0285	0.0079	-0.0276
		-0.0106	-0.0001	-0.0116
		-0.0355	0.0155	0.0038
		-0.0318	0.0039	0.0038
		-0.0156	0.0117	-0.004
		-0.0553	0.0038	0.0038
		-0.022	0.0158	-0.0121
		-0.0182	0.012	-0.0122
		-0.0472	0.0077	-0.0039
		-0.0326	-0.0003	-0.0188
		-0.0093	0.0038	-0.0117
		0.0162	0.0116	-0.0195
		0.0282	0.004	-0.0198
		-0.0029	-0.0039	-0.0117
		0.0195	0.0155	-0.0273
		0.0055	0.0116	-0.0117
		0.001	-0.0039	-0.0039
		0.0223	0.0116	-0.0117
		-0.007	0.0118	0.0116
		0.0116	0.0037	-0.0038
		0.0079	0.0039	-0.0197
		-0.0455	-0.0078	0.0038
		-0.0175	-0.0039	-0.0195
		-0.0601	-0.0039	0.0038
		-0.0185	0	-0.004
		-0.0104	0.0076	-0.0115
		-0.0482	-0.0001	-0.0038
		-0.0478	-0.0078	-0.0041
		-0.0257	0	-0.0117
		-0.0537	0.0118	0.0116
		-0.0509	0.0077	0.0039
		-0.0348	-0.0039	0.0116
		-0.0005	0.004	-0.012
		-0.0178	-0.0038	-0.0042
		-0.0027	0.0114	-0.0038
		-0.0041	-0.0078	-0.0194
		-0.0425	0.0077	-0.0039
		-0.0504	0.0038	0.0038
		-0.0585	-0.0078	0.0116
		0.0208	-0.0002	-0.0191
		0.0311	-0.0039	-0.0118
		0.022	0	-0.0117
		0.0413	-0.0039	-0.0276
		-0.0752	0.0075	0.0425
		-0.0155	0.0077	0.0038
		-0.0068	0.0037	0.004
		0.0344	0.0039	-0.0275
		-0.0123	0.0117	-0.004
		-0.025	0.0038	0.0039
		-0.0117	0.0039	-0.004
		-0.0052	-0.0039	0.0116
		-0.0016	0	0.0038
		0.0096	0	-0.0117
		-0.0184	-0.0117	0.0038
		0.0094	-0.0001	-0.0194
		-0.0477	0.0039	-0.0118
		-0.0502	0.0039	0.0038
		-0.0271	-0.0078	0.0037
		-0.0442	-0.0039	0.0116
		-0.0602	0.0075	0.004
		-0.0144	0.0038	-0.0116
		-0.0549	-0.0117	0.0038
		-0.0632	0.0037	0.0117
		-0.0058	0.0159	-0.0122
		-0.0568	0.0038	0.0194
		-0.0114	0.0114	-0.0038
		0.0368	0.0039	-0.0197
		0.0057	0.0077	0.0194
		-0.0332	-0.0039	0.0194
		-0.0119	0.0115	-0.0039
		-0.0032	0.0037	-0.0115
		0.0164	0.0038	-0.0117
		0.0535	-0.0001	-0.0273
		0.0216	-0.0078	-0.0118
		0.0217	0.0038	-0.0194
		-0.0019	0.0039	0.0038
		0.0306	0.0117	-0.0118
		0.0368	-0.0078	-0.0195
		0.0511	0.0075	-0.0191
		-0.0025	0	0.0038
		0.0063	-0.0078	-0.0118
		-0.0012	-0.0078	-0.0041
		0.0116	0.0001	0.0036
		0.0104	0	-0.0039


 element
water