Mozilla/5.0 (Linux; Android 5.0.2; XT1034 Build/LXB22.46-32) AppleWebKit/537.36 (KHTML, like Gecko) Chrome/45.0.2454.94 Mobile Safari/537.36

 standard_deviation

 standard_deviation_mean
	0.1262	0.025	-0.0345

 standard_deviation
	0.0007	0.0001	0.001

 slope_aggression
	0.0226	0.0082	0.0232

 sum
	10.0923	1.9964	2.9564

 raw
		0	-0.0001	-0.1185
		0.1162	0.046	-0.0818
		0.1197	0.0362	-0.089
		0.1021	0.0159	-0.1194
		0.1114	0.0214	-0.1208
		0.1075	0.0112	-0.0573
		0.1074	0.0231	-0.1311
		0.1371	0.0276	-0.1117
		0.1536	0.0273	-0.0853
		0.1087	0.0095	-0.0723
		0.0903	0.0126	-0.0865
		0.0933	0.0045	-0.0348
		0.1133	0.0149	-0.0604
		0.1082	0.0094	-0.0594
		0.1234	0.0096	-0.0348
		0.1458	0.0102	-0.0239
		0.1475	0.0245	-0.0526
		0.1096	-0.0065	-0.0456
		0.1454	0.013	-0.0495
		0.1271	0.0146	-0.0723
		0.1968	0.024	-0.0016
		0.1622	0.0152	-0.0485
		0.1084	-0.0021	-0.0552
		0.0828	0.0124	-0.0604
		0.0777	0.0176	-0.0734
		0.1555	0.0191	0.0104
		0.1429	0.0211	-0.0256
		0.1543	0.0177	-0.0239
		0.1613	0.0177	-0.0239
		0.1791	0.0254	-0.0121
		0.1345	0.0213	-0.0385
		0.1528	0.0238	-0.0136
		0.1265	0.0102	-0.0239
		0.1203	0.0252	-0.0485
		0.128	0.0234	-0.0128
		0.1472	0.0261	-0.0256
		0.1201	0.0152	-0.0485
		0.1385	0.0293	-0.0144
		0.1349	0.0226	0.0091
		0.1076	0.0236	-0.0256
		0.1041	0.0211	-0.0256
		0.1252	0.0234	-0.0128
		0.1443	0.0303	-0.0414
		0.1638	0.024	-0.0016
		0.1636	0.0221	0.0097
		0.1298	0.0234	-0.0376
		0.1423	0.0262	0.011
		0.1054	0.023	-0.0367
		0.1015	0.03	-0.0283
		0.1036	0.0268	-0.0395
		0.0968	0.0211	-0.0256
		0.101	0.0261	-0.0256
		0.1327	0.0395	-0.0061
		0.1074	0.0185	-0.0009
		0.1618	0.0352	0.0212
		0.1338	0.0296	-0.0274
		0.1665	0.0331	0.0084
		0.1582	0.0407	-0.0169
		0.1194	0.0238	-0.0385
		0.1667	0.0428	-0.0038
		0.1253	0.0254	-0.0121
		0.1358	0.0291	-0.0265
		0.1434	0.0296	-0.0274
		0.1477	0.0283	-0.0128
		0.1253	0.03	-0.0283
		0.1101	0.0368	-0.0648
		0.1115	0.0288	-0.0385
		0.1452	0.0434	-0.0046
		0.0956	0.0362	-0.0385
		0.1026	0.0345	-0.0274
		0.0857	0.0243	-0.0395
		0.157	0.0409	-0.0046
		0.1415	0.0432	-0.0169
		0.1022	0.0266	-0.0265
		0.1346	0.037	0.0097
		0.0987	0.0347	-0.0152
		0.1065	0.0382	-0.0169
		0.1285	0.0447	0.0063
		0.134	0.048	-0.0169
		0.1302	0.0409	-0.0046
		0.1348	0.0464	-0.0054


 element
wave