Mozilla/5.0 (Macintosh; Intel Mac OS X 10_9_5) AppleWebKit/537.36 (KHTML, like Gecko) Chrome/45.0.2454.93 Safari/537.36

 standard_deviation

 standard_deviation_mean
	0	-0.0055	-0.1061

 standard_deviation
	0	0.0002	0.0012

 slope_aggression
	0	0.0174	0.0429

 sum
	0	0.9545	8.4656

 raw
		0	0.0082	-0.0797
		0	-0.0038	-0.0638
		0	0.0039	-0.1036
		0	0.0002	-0.1195
		0	-0.0199	-0.0797
		0	0.0001	-0.1036
		0	-0.0239	-0.1354
		0	-0.0038	-0.1751
		0	-0.0159	-0.0638
		0	-0.0194	-0.1354
		0	-0.012	-0.1195
		0	-0.0163	-0.1354
		0	-0.0114	-0.1195
		0	-0.0038	-0.0957
		0	-0.0199	-0.0558
		0	-0.0232	-0.1354
		0	-0.0199	-0.1036
		0	0.0001	-0.1592
		0	-0.0201	-0.0638
		0	0.0041	-0.1275
		0	-0.0118	-0.1036
		0	-0.0038	-0.0558
		0	0.0162	-0.0399
		0	0.0005	-0.1036
		0	-0.0232	-0.0957
		0	0.0041	-0.0877
		0	0.0244	-0.0558
		0	-0.0114	-0.1751
		0	0.004	-0.0478
		0	-0.0241	-0.1592
		0	-0.0319	-0.1434
		0	0.0163	-0.0478
		0	-0.0201	-0.0957
		0	0.0245	-0.0478
		0	-0.0314	-0.1354
		0	-0.0039	-0.0797
		0	-0.0035	-0.1195
		0	0.008	-0.1036
		0	0.0082	-0.0638
		0	-0.0393	-0.1751
		0	-0.0314	-0.183
		0	0.0001	-0.0957
		0	-0.0165	-0.1195
		0	0.0005	-0.1592
		0	0.0162	-0.0399
		0	-0.0114	-0.1434
		0	0.0045	-0.1195
		0	-0.0039	-0.1036
		0	0.0001	-0.0558
		0	-0.0199	-0.1751
		0	0.0161	-0.1195
		0	0.0043	-0.0558
		0	-0.0161	-0.1036
		0	-0.0159	-0.1354
		0	-0.0005	-0.1354
		0	0.008	-0.1195
		0	-0.012	-0.1275
		0	-0.0206	-0.1036
		0	0.0001	-0.0797
		0	0.0041	-0.0638
		0	0.0243	-0.0957
		0	0.0002	-0.1036
		0	0.0045	-0.0957
		0	-0.012	-0.1275
		0	-0.0114	-0.1354
		0	0.0041	-0.1195
		0	0.0082	-0.1036
		0	-0.0038	-0.1275
		0	0.0163	-0.0797
		0	-0.0161	-0.1275
		0	0.0001	-0.1036
		0	0.0041	-0.0558
		0	-0.0038	-0.0638
		0	-0.012	-0.0957
		0	0.0041	-0.0957
		0	-0.0239	-0.1354
		0	0.0243	-0.0558
		0	-0.0161	-0.0957
		0	-0.0192	-0.1354
		0	-0.0038	-0.1671
		0	-0.0239	-0.1275


 element
wave