Mozilla/5.0 (Linux; Android 5.1; XT1034 Build/LPB23.13-57) AppleWebKit/537.36 (KHTML, like Gecko) Chrome/45.0.2454.94 Mobile Safari/537.36

 standard_deviation

 standard_deviation_mean
	-0.0272	0.0012	0.0101

 standard_deviation
	0.0004	0	0.0002

 slope_aggression
	0.0176	0.0061	0.0169

 sum
	2.2956	0.3956	1.161

 raw
		-0.0102	0.0071	-0.0168
		0.0064	0.0035	0.0083
		-0.0019	-0.0029	0.0082
		-0.0036	0.005	0.0084
		-0.0121	-0.0051	0.0249
		-0.0599	-0.0036	0
		-0.0561	0.0007	-0.0084
		-0.008	-0.0015	0.0249
		-0.0075	0.0035	0.025
		-0.0433	0.0029	0
		-0.0101	0.0158	0.0084
		0.0036	-0.0001	0.0167
		0.0187	0.0035	0.0334
		-0.0223	-0.0015	-0.0001
		-0.0173	0.0021	-0.0084
		-0.0122	-0.0022	0.0084
		-0.0356	-0.0051	0.0082
		-0.0417	-0.0109	0.025
		-0.0326	-0.0087	0.0249
		-0.0018	-0.003	0.0248
		-0.0181	-0.0022	0.0084
		-0.0258	0.0101	0.0085
		-0.0355	-0.0065	0.0248
		-0.0385	-0.0001	0.0083
		-0.0577	-0.0151	0.0164
		-0.0477	0.0014	-0.0084
		-0.009	0.0057	0.0166
		-0.013	-0.008	0.0246
		-0.0198	0.0065	0.0085
		-0.0187	0.0152	0.0085
		-0.0319	0.0014	0.0084
		-0.0559	-0.0051	0.0166
		-0.0351	-0.0001	0.0167
		0.0044	-0.0023	0.0336
		-0.0317	-0.0051	0.0082
		-0.0051	0.0042	0.0248
		-0.0477	-0.0036	-0.0168
		-0.0184	0.0057	0.0082
		-0.0012	0.0057	0.0166
		0.0056	0.0057	0.0166
		-0.028	0.005	-0.0084
		0.0101	0.005	0.0252
		-0.0204	-0.0036	0
		-0.0229	-0.0101	0.0165
		-0.0261	0.0035	0.0167
		-0.0382	0.0021	-0.0168
		-0.0142	-0.003	0.0331
		-0.0408	0.0065	0.0169
		-0.0176	0.0107	0
		-0.0248	0.0036	-0.0168
		-0.0315	-0.0015	0.0166
		-0.0753	0.0021	-0.0084
		-0.0643	-0.0044	0
		-0.0702	-0.0173	0.0165
		-0.0795	-0.0022	-0.0084
		-0.0522	0.0049	-0.0084
		-0.0007	0.0101	0
		0.004	0.0035	0.0083
		-0.0219	0.0043	-0.0169
		-0.0314	-0.0008	0.0169
		-0.0224	0.0107	0
		-0.0116	0.0086	0.0168
		-0.0334	0.0028	0.0164
		-0.0153	-0.0066	0.0496
		-0.0509	0.0036	0
		-0.048	0.0014	0.0084
		-0.048	0.0006	0.0165
		-0.0489	-0.0036	0
		-0.0313	0.0013	0.0336
		-0.0572	-0.0008	-0.0084
		-0.0498	0.0007	-0.0001
		-0.0297	0.0035	0.025
		-0.0252	0.0086	0.0084
		-0.0122	0.005	0.0168
		-0.0322	0.0035	0.0167
		-0.0414	-0.0052	0.0332
		-0.0551	-0.0001	0.0167
		-0.0251	0.0064	0.0253
		-0.028	0.0071	0.0083
		-0.0334	0.0122	-0.0252
		-0.012	0.0071	0.0167


 element
wave