Mozilla/5.0 (Macintosh; Intel Mac OS X 10_9_5) AppleWebKit/537.36 (KHTML, like Gecko) Chrome/45.0.2454.99 Safari/537.36

 standard_deviation

 standard_deviation_mean
	0	0.0035	-0.0867

 standard_deviation
	0	0.0001	0.001

 slope_aggression
	0	0.0155	0.0358

 sum
	0	0.8544	6.915

 raw
		0	-0.0001	-0.0917
		0	0.0118	-0.0518
		0	0.012	-0.0678
		0	-0.0032	-0.0837
		0	-0.0006	-0.1235
		0	-0.0112	-0.0917
		0	0.0008	-0.1315
		0	-0.0242	-0.1632
		0	-0.0041	-0.1076
		0	0.0083	-0.0438
		0	0.008	-0.1315
		0	0.0002	-0.0757
		0	-0.0032	-0.0837
		0	-0.0038	-0.0678
		0	0.0008	-0.0757
		0	-0.0041	-0.1474
		0	0.0083	-0.0917
		0	-0.0001	-0.0837
		0	0.008	-0.0518
		0	0.012	0.004
		0	-0.0118	-0.1156
		0	0.001	-0.1076
		0	0.0161	-0.0837
		0	0.0201	-0.0757
		0	0.008	-0.1235
		0	-0.0198	-0.1076
		0	0.008	-0.0678
		0	-0.0198	-0.1553
		0	0.0118	-0.0678
		0	0.0083	-0.0837
		0	-0.0041	-0.1076
		0	0.0364	-0.0359
		0	0.0364	-0.0757
		0	0.0201	-0.0837
		0	-0.0041	-0.0917
		0	0.0159	-0.0837
		0	-0.0227	-0.1076
		0	0.0167	-0.0518
		0	0.0002	-0.1076
		0	0.0284	-0.0359
		0	-0.0001	-0.0359
		0	0.0167	-0.0917
		0	-0.0081	-0.0917
		0	-0.0001	-0.0837
		0	-0.0041	-0.0678
		0	-0.0078	-0.0678
		0	-0.0041	-0.1156
		0	0.0123	-0.0518
		0	-0.0084	-0.0438
		0	0.0002	-0.0917
		0	-0.0198	-0.1315
		0	-0.0041	-0.1076
		0	0.0159	-0.0678
		0	0.0322	-0.0837
		0	-0.0188	-0.0917
		0	0.0199	-0.0757
		0	-0.0081	-0.1235
		0	-0.0001	-0.0837
		0	0.0279	-0.0757
		0	-0.0044	-0.1156
		0	0.0123	-0.0917
		0	0.0161	-0.0917
		0	-0.0205	-0.1315
		0	-0.0032	-0.1076
		0	0.0083	-0.1156
		0	0.0008	-0.0678
		0	0.008	-0.0678
		0	0.008	-0.0518
		0	0.0159	-0.0917
		0	0.012	-0.0837
		0	0.001	-0.0438
		0	-0.0001	-0.0678
		0	-0.0001	-0.1076
		0	0.0203	-0.0279
		0	0.0161	-0.1076
		0	-0.0205	-0.1474
		0	-0.0118	-0.1156
		0	-0.0041	0.004
		0	0.0279	-0.0678
		0	-0.0001	-0.0917
		0	0.0002	-0.1235


 element
wave