Mozilla/5.0 (iPhone; CPU iPhone OS 7_1_2 like Mac OS X) AppleWebKit/537.51.2 (KHTML, like Gecko) CriOS/45.0.2454.89 Mobile/11D257 Safari/9537.53

 standard_deviation

 standard_deviation_mean
	-0.6436	0.03	-0.5923

 standard_deviation
	0.1146	0.2466	0.334

 slope_aggresion
	0.0491	0.0526	0.0595

 sum
	51.1895	32.2901	62.9785

 raw
		0	-0.0001	0.9977
		0	-0.0001	0.9977
		0	-0.0001	0.9977
		0	-0.0001	0.9977
		0	-0.0001	0.9977
		0	-0.0001	0.9977
		0	-0.0001	0.9977
		0	-0.0001	0.9977
		-0.9625	-0.163	-0.968
		-0.9153	-0.1319	-0.9921
		-0.883	-0.139	-0.9947
		-0.8405	-0.1328	-0.9971
		-0.7366	-0.1021	-0.998
		-0.6655	-0.0972	-0.9972
		-0.5483	-0.0886	-0.9922
		-0.511	-0.0711	-0.9874
		-0.4365	-0.0172	-0.9763
		-0.416	0.0148	-0.9639
		-0.3905	0.0509	-0.9487
		-0.3716	0.1477	-0.9048
		-0.3716	0.1477	-0.9048
		-0.3865	0.2712	-0.833
		-0.4084	0.3282	-0.7899
		-0.4491	0.4333	-0.7115
		-0.47	0.4641	-0.6674
		-0.5384	0.5476	-0.6245
		-0.5831	0.5888	-0.6204
		-0.6527	0.6274	-0.6455
		-0.7727	0.6868	-0.711
		-0.8197	0.6995	-0.7295
		-0.8975	0.7068	-0.7708
		-0.9331	0.7089	-0.8039
		-0.978	0.6884	-0.8613
		-0.9885	0.6672	-0.8623
		-0.9998	0.6023	-0.8821
		-0.9993	0.5739	-0.8972
		-0.9944	0.5373	-0.9098
		-0.9895	0.5145	-0.9063
		-0.9717	0.4816	-0.9228
		-0.9615	0.4644	-0.9283
		-0.9534	0.4396	-0.9272
		-0.9495	0.3358	-0.8634
		-0.9508	0.271	-0.8114
		-0.9572	0.1444	-0.7111
		-0.9602	0.0935	-0.6727
		-0.9611	0.0397	-0.6421
		-0.9617	-0.1119	-0.5516
		-0.9616	-0.1886	-0.502
		-0.9577	-0.3257	-0.4082
		-0.9557	-0.3815	-0.3612
		-0.9532	-0.4766	-0.2978
		-0.956	-0.5169	-0.2757
		-0.9617	-0.6212	-0.1828
		-0.9648	-0.6648	-0.1396
		-0.9709	-0.6991	-0.1238
		-0.9886	-0.7581	-0.1582
		-0.9886	-0.7581	-0.1582
		-0.9999	-0.8045	-0.2615
		-0.9959	-0.8198	-0.3642
		-0.923	-0.8417	-0.6532
		-0.8481	-0.8461	-0.7886
		-0.6723	-0.8375	-0.9439
		-0.5852	-0.8212	-0.9774
		-0.4986	-0.7948	-0.9945
		-0.351	-0.7167	-0.9999
		-0.2992	-0.6641	-0.9997
		-0.232	-0.5295	-1
		-0.2061	-0.4692	-0.9992
		-0.1653	-0.3594	-0.9936
		-0.156	-0.3094	-0.9859
		-0.189	-0.0341	-0.9165
		-0.2068	0.0472	-0.8932
		-0.2315	0.1165	-0.8669
		-0.3909	0.4554	-0.7851
		-0.4479	0.5344	-0.7831
		-0.5502	0.6562	-0.792
		-0.61	0.6971	-0.8153
		-0.7309	0.7271	-0.8545
		-0.7958	0.7409	-0.8889
		-0.9119	0.7445	-0.9536
		-0.9411	0.7275	-0.9569


 element
human