Mozilla/5.0 (Linux; Android 5.0.2; XT1034 Build/LXB22.46-32) AppleWebKit/537.36 (KHTML, like Gecko) Chrome/45.0.2454.94 Mobile Safari/537.36

 standard_deviation

 standard_deviation_mean
	-0.0978	0.56	0.0437

 standard_deviation
	0.5054	0.0704	0.4956

 slope_aggresion
	0.1509	0.0393	0.1623

 sum
	52.3653	45.3927	49.9358

 raw
		0.0422	0.0138	0.0976
		-0.015	-0.0082	-0.1553
		0.1329	0.0053	-0.0611
		0.4338	-0.0691	-0.0182
		0.6038	-0.0577	-0.1925
		0.9337	-0.0796	-0.1491
		0.8001	0.0818	-0.6558
		0.8096	0.1922	-0.6359
		0.7992	0.2084	-0.6831
		0.7333	0.4499	-0.96
		0.9049	0.816	-0.9928
		0.6558	0.9214	-0.5909
		-0.1559	0.946	-0.488
		-0.3513	0.9451	-0.058
		0.1695	0.9623	-0.6319
		-0.6595	0.9586	0.8498
		-0.6552	0.9396	0.8769
		-0.8862	0.8902	0.9879
		-0.9003	0.8701	0.983
		-0.9446	0.8461	0.972
		-0.9826	0.7556	0.7715
		-0.7753	0.6752	0.792
		-0.6751	0.566	0.7912
		-0.6543	0.5318	0.8089
		-0.6362	0.4674	0.8739
		-0.6721	0.4536	0.9228
		-0.7535	0.4417	0.9731
		-0.7989	0.3979	0.9998
		-0.914	0.4207	0.9462
		-0.9536	0.4013	0.8586
		-0.9855	0.3868	0.7699
		-0.9995	0.375	0.6389
		-0.9944	0.3398	0.5068
		-0.6799	0.367	0.2256
		-0.1779	0.3712	0.0063
		0.1401	0.3653	-0.1427
		0.4277	0.3822	-0.3636
		0.5914	0.3836	-0.5416
		0.6527	0.3965	-0.6613
		0.7007	0.4064	-0.764
		0.7459	0.485	-0.9303
		0.7753	0.4515	-0.9434
		0.791	0.5711	-0.9998
		0.8222	0.5204	-0.9979
		0.8579	0.5243	-0.9661
		0.8783	0.4958	-0.9509
		0.9021	0.5151	-0.8807
		0.9246	0.5528	-0.7629
		0.9388	0.5983	-0.6476
		0.9555	0.6467	-0.4999
		0.9718	0.7025	-0.3472
		0.99	0.7284	-0.1519
		-0.9973	0.8159	-0.0085
		-0.9925	0.8282	0.455
		-0.9723	0.8445	0.6673
		-0.9058	0.8477	0.9168
		-0.8431	0.8194	0.9865
		-0.7796	0.828	0.9986
		-0.6844	0.8164	0.9545
		-0.5289	0.8164	0.7756
		-0.4682	0.7954	0.6818
		-0.3648	0.8043	0.5258
		-0.2267	0.8051	0.2663
		-0.1335	0.8067	0.0328
		-0.0191	0.8177	-0.3472
		0.067	0.8205	-0.7527
		0.1134	0.8064	-0.9541
		0.1883	0.7806	-0.9933
		0.2758	0.743	-0.9228
		0.3665	0.7107	-0.7619
		0.438	0.6765	-0.5685
		0.518	0.634	-0.3654
		0.5887	0.5835	-0.1702
		-0.6765	0.4784	0.0709
		-0.7225	0.4533	0.1059
		-0.7988	0.4517	0.3223
		-0.8324	0.4281	0.5504
		-0.8408	0.4353	0.6428
		-0.8587	0.4125	0.7859
		-0.8585	0.3903	0.8747
		-0.8339	0.4018	0.9422


 element
water