Mozilla/5.0 (Linux; Android 5.0.2; XT1034 Build/LXB22.46-32) AppleWebKit/537.36 (KHTML, like Gecko) Chrome/45.0.2454.94 Mobile Safari/537.36

 standard_deviation

 standard_deviation_mean
	-0.0177	0.0027	-0.02

 standard_deviation
	0.1761	0.0001	0.0007

 slope_aggresion
	0.0321	0.0101	0.0231

 sum
	48.7539	1.8583	4.3475

 raw
		-0.0132	0.0079	-0.004
		0.0024	0.0077	0.0116
		0.0031	0.0116	-0.0039
		-0.0131	0.008	-0.0276
		-0.0054	0.0117	-0.004
		-0.0322	0.0038	-0.0273
		-0.0209	0.0115	-0.0117
		-0.029	0.0077	-0.0195
		-0.0188	0.0158	-0.004
		-0.0021	0.0077	0.0193
		-0.0226	0.0195	-0.0118
		-0.0048	0.0039	0.0195
		-0.004	0.0112	0.0115
		-0.0052	0.0074	0.0038
		-0.0116	-0.0039	-0.0039
		-0.0073	0.0113	-0.0038
		-0.014	0.0078	-0.0118
		-0.0684	-0.0156	-0.0659
		-0.0244	0.0039	-0.004
		-0.0208	0.0155	0.0038
		-0.0609	0.0194	-0.0117
		-0.096	0.0037	-0.0116
		-0.1163	0.0041	-0.0199
		-0.1579	-0.0001	-0.0506
		-0.0923	0.0429	0.0351
		-0.1587	0.0156	0.0117
		-0.1935	0.0117	-0.004
		-0.1937	0.0194	0.0038
		-0.2082	0.0199	0.0117
		-0.2341	0.0234	-0.004
		-0.2767	-0.004	-0.0426
		-0.2384	0.0231	-0.0117
		-0.2454	0.0153	-0.0116
		-0.3003	-0.0117	-0.0352
		-0.3	-0.0117	-0.0195
		-0.3304	-0.0078	-0.0426
		-0.3308	0.0114	-0.0348
		-0.3431	0.0075	0.0038
		-0.3973	0.0076	-0.0581
		-0.401	0.0235	-0.051
		-0.405	0.0237	-0.0198
		-0.4437	0.008	-0.0198
		-0.4425	0.0154	0.0038
		-0.5029	0.0074	-0.0496
		-0.5201	-0.0079	-0.0579
		-0.4772	0.0194	-0.0506
		-0.4963	0.0156	-0.043
		-0.5713	-0.004	-0.0504
		-0.5643	0.0077	-0.0428
		-0.5712	0.0077	-0.0351
		-0.5927	0.0079	-0.051
		-0.5786	0.023	-0.0425
		-0.6205	0.004	-0.0354
		-0.6316	0.0037	-0.0425
		-0.6211	0.0079	-0.0118
		-0.6418	0.0078	-0.0508
		-0.6547	0.0038	-0.0428
		-0.6967	0	-0.0508
		-0.6954	0.0117	-0.0586
		-0.7209	0.0039	-0.0586
		-0.7294	0.0001	-0.0591
		-0.7292	-0.004	-0.0349
		-0.735	0.0037	-0.0653
		-0.7381	-0.004	-0.0426
		-0.6997	0	-0.0586
		-0.7045	-0.0079	-0.0656
		-0.7268	-0.0117	-0.0751
		-0.6606	-0.0039	-0.0506
		-0.7172	-0.0195	-0.0504
		-0.6736	-0.0156	-0.043
		-0.623	0	-0.082
		-0.6218	-0.0117	-0.0588
		-0.5723	-0.031	-0.027
		-0.3105	-0.0156	-0.043
		0.0583	-0.0078	-0.0428
		0.4383	-0.0195	-0.0504
		0.7077	-0.0347	-0.0498
		0.8228	-0.0273	-0.043
		0.8187	-0.0156	-0.0586
		0.8991	-0.0195	-0.0039
		0.8265	-0.0078	-0.051
		0.8304	-0.0156	-0.0192
		0.8075	-0.0117	0.0038
		0.7851	-0.0156	-0.0039
		0.7985	-0.0195	0.0272
		0.7607	-0.0234	-0.0195
		0.7028	-0.0274	-0.0745
		0.7371	-0.0001	0.0271
		0.7055	-0.0348	-0.0269
		0.6918	-0.0117	-0.0039
		0.6501	-0.0156	-0.0275
		0.6884	-0.0194	0.0501
		0.6105	-0.0079	-0.0193
		0.636	-0.0079	0.027
		0.5519	0.0041	-0.0357
		0.6126	-0.0194	0.05
		0.5948	-0.0156	0.0421
		0.505	-0.0273	-0.0664
		0.5407	0.0153	0.0116
		0.5398	-0.0312	0.0038
		0.5048	-0.0039	-0.0117
		0.4562	-0.0039	-0.0512
		0.4686	-0.0078	-0.004
		0.4365	-0.0194	0.0115
		0.4503	-0.0078	0.0503
		0.3757	-0.0001	-0.0351
		0.3662	0.0038	0.0038
		0.3796	-0.0001	0.0583
		0.2924	0.0113	-0.0269
		0.2816	-0.0351	0.0038
		0.2336	0.0076	-0.027
		0.2048	0	-0.004
		0.1486	0.0038	-0.0349
		0.1746	0.0076	0.0193
		0.1326	0.0115	-0.0039
		0.118	0.0198	0.0117
		0.1046	0.0116	0.0194
		0.066	0.0038	0.0038
		0.0218	0.0157	-0.0354
		0.0161	0.0114	-0.0193
		0.0199	0.0038	0.0116
		-0.0092	0.0077	-0.0195
		-0.0142	0.0001	-0.0198
		-0.0013	0.0079	-0.0197
		0.0061	0.0155	-0.0273
		0.0228	0.0037	-0.0039
		0.0245	0.0078	-0.0118
		0.0309	0.0155	-0.0117
		0.0223	0.0195	-0.0196
		0.0093	0	-0.0274
		0.0297	0.0153	-0.0039
		0.0023	0.0234	-0.0274
		0.0067	0.0076	-0.0193
		0.0072	0.0038	-0.0117
		-0.0031	0.0157	-0.0275
		-0.0149	0.0076	-0.0348
		0.019	0.0157	-0.004
		0.0113	0.0038	-0.0039
		0.0162	0.0117	-0.004
		-0.0083	0.0154	-0.0426
		0.0005	0.0154	-0.0194
		-0.0146	0.0116	-0.0428
		0.0122	0.0194	-0.0195
		0.0164	0.0036	-0.0115
		-0.0069	0.0115	-0.0272
		0.0048	0.0037	-0.0116
		0.0046	0.0078	-0.0274
		-0.0242	-0.0078	-0.0351
		-0.017	0	-0.0352
		0.0189	0.0077	-0.0117
		0.0111	0.0154	-0.0117
		0.0008	0.0115	-0.0272
		0.0335	0.023	-0.0039
		0.0106	0.0115	-0.0272
		0.0108	0.016	-0.0279
		0.0114	0.0189	-0.0115
		0.0207	0.0038	-0.0039
		0.0017	0.0037	-0.0193
		-0.0025	0.0075	-0.0192
		0.0097	0.0156	-0.0118
		-0.0037	0.0038	-0.0117


 element
wave