Mozilla/5.0 (iPhone; CPU iPhone OS 7_1_2 like Mac OS X) AppleWebKit/537.51.2 (KHTML, like Gecko) Version/7.0 Mobile/11D257 Safari/9537.53

 standard_deviation

 standard_deviation_mean
	-0.0028	0.0005	0.0589

 standard_deviation
	0	0	0

 slope_aggression
	0.0001	0.0001	0.0002

 sum
	0.2517	0.0411	4.7151

 raw
		0	-0.0001	0.0577
		0	-0.0001	0.0577
		0	-0.0001	0.0577
		0	-0.0001	0.0577
		0	-0.0001	0.0577
		0	-0.0001	0.0577
		0	-0.0001	0.0577
		0	-0.0001	0.0577
		0	-0.0001	0.0577
		0	-0.0001	0.0577
		0.0028	-0.0007	0.0538
		0.0027	0.0002	0.0561
		0.0027	0	0.0575
		0.0021	0.0005	0.0576
		0.0019	0.0004	0.0582
		0.0012	0.0005	0.0581
		0.001	0.0006	0.0585
		0.0005	0.0002	0.0581
		0.0003	0.0003	0.0584
		0.0003	0.0002	0.0589
		0	0.0005	0.0594
		-0.0002	0.0006	0.059
		-0.0005	0.0008	0.0594
		-0.0005	0.0008	0.0594
		-0.0008	0.0009	0.0591
		-0.0009	0.001	0.0593
		-0.001	0.0009	0.0594
		-0.0013	0.001	0.0596
		-0.0014	0.001	0.0596
		-0.0017	0.0009	0.0594
		-0.0019	0.0009	0.0594
		-0.0021	0.0006	0.0593
		-0.0021	0.0006	0.0595
		-0.0025	0.0006	0.0597
		-0.0029	0.0004	0.0595
		-0.0029	0.0002	0.0597
		-0.003	0.0002	0.0598
		-0.0032	0.0003	0.0596
		-0.0034	0.0002	0.0595
		-0.0034	0.0002	0.0595
		-0.0036	0.0006	0.0595
		-0.0038	0.0005	0.0594
		-0.004	0.0003	0.0594
		-0.0041	0.0004	0.0594
		-0.004	0.0006	0.0596
		-0.0043	0.0005	0.0594
		-0.0043	0.0007	0.0597
		-0.0045	0.0008	0.0598
		-0.0045	0.0006	0.0597
		-0.0046	0.0005	0.0597
		-0.0049	0.0002	0.0596
		-0.0049	0.0002	0.0596
		-0.0049	0.0003	0.0594
		-0.0048	0.0002	0.0595
		-0.0047	0.0002	0.0596
		-0.005	0.0003	0.0598
		-0.0052	0.0003	0.0595
		-0.0052	0.0007	0.06
		-0.0052	0.0007	0.06
		-0.0056	0.0008	0.0597
		-0.0055	0.0007	0.0599
		-0.0056	0.0009	0.0599
		-0.0058	0.0007	0.0593
		-0.0059	0.0007	0.0592
		-0.0056	0.0008	0.0592
		-0.0055	0.0008	0.0591
		-0.0055	0.0005	0.0589
		-0.0056	0.0005	0.0589
		-0.0055	0.0004	0.0588
		-0.0055	0.0004	0.0587
		-0.0055	0.0005	0.0583
		-0.0055	0.0005	0.0581
		-0.0055	0.0007	0.0583
		-0.0057	0.0005	0.0584
		-0.0057	0.0005	0.0584
		-0.0055	0.0007	0.0588
		-0.0054	0.0007	0.059
		-0.0053	0.0007	0.0587
		-0.0053	0.0005	0.0588
		-0.0052	0.0006	0.0589
		-0.0052	0.0006	0.0588


 element
celluar