Mozilla/5.0 (Linux; Android 5.1; XT1034 Build/LPB23.13-57) AppleWebKit/537.36 (KHTML, like Gecko) Chrome/45.0.2454.94 Mobile Safari/537.36

 standard_deviation

 standard_deviation_mean
	0.0006	0.0026	0.0001

 standard_deviation
	0.0002	0	0.0001

 slope_aggression
	0.0146	0.0066	0.013

 sum
	1.0193	0.4175	0.8637

 raw
		0	-0.0001	0.0038
		0.0028	0.0001	-0.0039
		0.0066	0.0001	-0.0116
		0.0255	0	0.0268
		0.0144	0.0039	0.0115
		0.0255	0.0002	0.0039
		0.0261	-0.0001	0.0038
		-0.0015	0.0038	-0.0115
		-0.0077	0.004	0.0039
		0.0236	0.0077	0.0191
		0.0035	0.0038	-0.0039
		-0.019	0.0038	-0.0039
		-0.0016	0.0079	0.0116
		-0.0252	-0.0036	-0.0194
		-0.0071	0.0038	-0.0115
		-0.0083	0	-0.0039
		-0.0207	-0.0076	-0.0116
		-0.0351	0.0038	-0.0192
		-0.0152	0	0.0115
		0.0103	0.0041	0.0116
		0.0245	0.0001	0.0115
		0.013	0.0079	-0.0116
		-0.017	0.0039	-0.0269
		-0.0242	-0.0037	-0.0116
		-0.0229	-0.0038	0.0115
		0.0167	0.0115	0.0191
		0.0168	0.0039	0.0115
		-0.0012	0.0004	0.0118
		-0.006	0	0.0038
		0.0014	0.0038	-0.0115
		0.0099	0.0116	-0.0039
		-0.0069	0.0116	-0.0269
		-0.0125	0.0038	-0.0115
		-0.0002	-0.0037	0.0116
		-0.0018	0.0038	0.0038
		0.003	0.0078	0.0116
		-0.0143	-0.0038	-0.0116
		0.0006	0.0077	-0.0039
		0.0205	0.0118	0.0116
		-0.0117	-0.0035	-0.0197
		0.0007	0.0039	-0.0116
		0.0205	0.0038	0.0267
		0.0071	0.0043	-0.0117
		0.0138	0.004	-0.0116
		0.0138	0.0118	-0.0039
		-0.0077	0.0001	-0.0039
		0.0132	0.012	0.0039
		0.0094	0.0001	0.0038
		-0.0076	0.0002	-0.0116
		-0.0191	0.0079	-0.0194
		0.0024	0.0001	0.0269
		0.0113	0.0039	0.0192
		0.0035	0.0038	0.0038
		0.0168	0.0078	0.0038
		-0.0387	-0.0153	-0.035
		0.0082	0.004	0.0039
		0.0297	0.0075	-0.0039
		0.0154	0.0116	-0.0192
		0.0065	-0.0036	-0.0039
		-0.0098	-0.0153	0.0115
		-0.0026	0.0001	0.0038
		0.0046	0.0041	-0.0039
		-0.01	0.0116	-0.0116
		-0.0086	0.0079	-0.0039
		-0.0045	0.0038	0.0038
		-0.0051	0.0037	-0.0039
		-0.0141	0.0041	-0.0039
		-0.0268	-0.0114	-0.0039
		-0.0466	-0.0077	-0.0115
		-0.0239	0.0036	0.0037
		0.0039	0.0041	0.0116
		0.0392	0.0158	0.0195
		0.0008	-0.0076	-0.0116
		0.0071	0.0038	0.0038
		0.0117	0.0116	0.0115
		0.0159	0.0041	0.0195
		0.0047	-0.0075	0.0118
		0.0183	0.0114	0.0114
		-0.0025	0.0001	-0.0039
		0.0081	-0.0037	0.0116
		0.0085	0.0001	0.0115


 element
human