Mozilla/5.0 (Macintosh; Intel Mac OS X 10_9_5) AppleWebKit/537.36 (KHTML, like Gecko) Chrome/45.0.2454.99 Safari/537.36

 standard_deviation

 standard_deviation_mean
	0	-0.0041	0.0049

 standard_deviation
	0	0.0001	0.0009

 slope_aggression
	0	0.0137	0.0339

 sum
	0	0.7078	1.9517

 raw
		0	-0.0241	-0.0478
		0	-0.0035	-0.008
		0	0.0034	0.0239
		0	0.0156	0.0079
		0	-0.0269	-0.0478
		0	-0.0081	-0.016
		0	0.0115	-0.008
		0	-0.0035	-0.016
		0	-0.0161	0.0239
		0	-0.0084	-0.008
		0	-0.0154	0.0239
		0	-0.0273	-0.016
		0	-0.0003	0.0318
		0	0.0037	-0.008
		0	-0.0084	-0.008
		0	-0.0006	0.0079
		0	-0.0154	0.0239
		0	0.004	0.0398
		0	-0.0071	0
		0	-0.0347	0.0318
		0	0.0156	0.0239
		0	-0.0003	0.0477
		0	-0.0041	0.0079
		0	0.004	0.0239
		0	-0.0041	0.0239
		0	0.0037	0.0239
		0	-0.0161	-0.008
		0	-0.0161	0
		0	-0.0035	0
		0	0.0037	0
		0	-0.0193	0.0079
		0	-0.0003	-0.0717
		0	-0.0003	0
		0	-0.0084	-0.016
		0	0.0037	-0.0319
		0	-0.0201	-0.0319
		0	-0.0001	0.0477
		0	-0.0074	0.0079
		0	-0.0047	0.0318
		0	0.0244	0.0398
		0	-0.0269	-0.0558
		0	-0.0047	-0.0319
		0	-0.0041	-0.008
		0	-0.0041	0.0398
		0	-0.0003	-0.0558
		0	-0.0074	0
		0	0.0037	0.0079
		0	-0.0087	-0.0319
		0	-0.0003	0
		0	-0.0154	0.0079
		0	-0.0081	0
		0	-0.0041	0.0079
		0	-0.0047	0.0239
		0	0.004	0.0079
		0	-0.0003	0.0239
		0	0.004	0.0318
		0	-0.0084	0
		0	-0.0001	0
		0	-0.0081	-0.0399
		0	0.012	0.0398
		0	-0.0003	0.0318
		0	0.0241	0.0637
		0	-0.0193	-0.0558
		0	0.0117	0.0318
		0	-0.0044	-0.0319
		0	-0.0081	0.0637
		0	-0.0041	0
		0	0.02	0.0477
		0	-0.0003	0.0318
		0	-0.0044	0
		0	0.0156	0.0239
		0	-0.0044	0.0318
		0	-0.0154	-0.0797
		0	0.004	0.0318
		0	-0.0161	0.0477
		0	-0.0071	0.0318
		0	-0.0154	-0.008
		0	-0.0041	0.0318
		0	-0.0006	-0.0319
		0	-0.0041	-0.016
		0	-0.0074	0.0239


 element
water