Mozilla/5.0 (Linux; Android 5.1; XT1034 Build/LPB23.13-57) AppleWebKit/537.36 (KHTML, like Gecko) Chrome/45.0.2454.94 Mobile Safari/537.36

 standard_deviation

 standard_deviation_mean
	0.0027	0.0028	0.0013

 standard_deviation
	0.0003	0	0.0001

 slope_aggression
	0.0169	0.0074	0.0145

 sum
	1.2254	0.4161	0.8099

 raw
		0	-0.0001	-0.0001
		0.0024	-0.0038	-0.0001
		0.0169	0.0116	0.0154
		0.001	0.0076	-0.0001
		-0.0074	0.004	0.0155
		-0.0271	0.0001	-0.0156
		-0.0182	0.0036	-0.0077
		0.0101	-0.0002	-0.0001
		0.0276	0.0037	0.0153
		-0.0161	0.0116	-0.0078
		0.0188	0.0233	0.031
		0.0035	-0.0078	0.0076
		0.0123	-0.0038	-0.0001
		0.0331	0.0077	0.0077
		0.0277	0.0077	0.0154
		0.0197	0	0.0154
		-0.0104	-0.0116	0.0077
		-0.0018	0.0078	-0.0001
		0.014	0.0078	0.0077
		-0.0098	-0.0002	-0.0077
		-0.0023	0.0077	-0.0001
		-0.0343	-0.0038	-0.0233
		0.0086	0.0076	0.0153
		-0.0046	0	-0.0078
		0.0194	0.0114	0.0076
		0.0071	-0.0077	-0.0001
		0.0051	-0.0001	-0.0231
		0.0172	0.0081	-0.0079
		0.0215	0.0039	0.0077
		-0.0049	-0.0078	-0.0001
		-0.0024	0.019	-0.023
		-0.0154	-0.0003	-0.0228
		0.0064	-0.0001	0.0076
		0.0244	0.0039	0.0077
		0.0273	0.0001	0.0077
		0.0236	-0.0038	-0.0001
		0.0139	0.0041	-0.0157
		0.0207	0.0039	-0.0078
		0.0184	0.0075	-0.0001
		0.0334	0.0073	0.0151
		0.0077	-0.0076	0.0078
		0.0144	-0.0001	0.0153
		-0.0103	0	-0.0078
		-0.0344	-0.0001	-0.0077
		-0.0048	-0.0039	0.0154
		0.0137	0.0115	-0.0001
		-0.0053	-0.0001	-0.0154
		-0.0282	0.0037	-0.0077
		-0.037	-0.0078	-0.0077
		-0.0053	-0.0001	0.0076
		-0.0294	-0.0039	-0.0155
		-0.0142	-0.0002	-0.0001
		0.0114	0.0115	0.0076
		0.0174	0.0039	0.0077
		0.0177	0.0038	-0.0077
		0.0124	0.0076	-0.0001
		-0.0034	0.0038	-0.0154
		0.0153	0.0156	-0.0001
		0.0341	0.0115	0.0307
		-0.0161	0.0001	0.0077
		0.0011	0.0038	0.0307
		-0.0176	0.0001	0.0077
		-0.0014	-0.0001	0.0306
		-0.0164	-0.0039	0.0153
		0.0126	0	0.0231
		0.0065	0.0077	-0.0001
		0.0056	0.0115	-0.0001
		-0.0019	-0.0002	-0.0001
		-0.0405	0.0037	-0.0384
		-0.0129	0.0001	-0.0001
		-0.024	-0.0039	-0.0155
		0.0017	-0.004	-0.0001
		0.0291	0.0121	0.0157
		0.0343	0.0041	0.0234
		0.0148	0	-0.0001
		0.0143	-0.0039	0.0076
		0.0099	0.0078	-0.0001
		-0.0249	-0.0077	-0.0078
		-0.0193	0.0003	-0.0315
		0.0147	0.0117	-0.0001
		-0.0014	0.0039	-0.0078


 element
human