Mozilla/5.0 (iPhone; CPU iPhone OS 7_1_2 like Mac OS X) AppleWebKit/537.51.2 (KHTML, like Gecko) Version/7.0 Mobile/11D257 Safari/9537.53

 standard_deviation

 standard_deviation_mean
	0.0038	0.0001	0.0275

 standard_deviation
	0	0	0

 slope_aggression
	0.0002	0.0001	0.0002

 sum
	0.3043	0.0188	2.2078

 raw
		0	-0.0001	0.0281
		0	-0.0001	0.0281
		0	-0.0001	0.0281
		0	-0.0001	0.0281
		0	-0.0001	0.0281
		0	-0.0001	0.0281
		0	-0.0001	0.0281
		0	-0.0001	0.0281
		0	-0.0001	0.0281
		0	-0.0001	0.0281
		0.008	-0.0014	0.0259
		0.0076	-0.0007	0.0277
		0.007	-0.0002	0.0282
		0.0069	-0.0001	0.0287
		0.0064	-0.0001	0.029
		0.0063	-0.0001	0.0294
		0.0061	-0.0002	0.0293
		0.0057	-0.0002	0.0291
		0.0056	-0.0002	0.0288
		0.0052	-0.0002	0.0291
		0.0052	0	0.0296
		0.0051	-0.0001	0.0299
		0.0049	-0.0002	0.0294
		0.0048	-0.0001	0.0291
		0.0047	0	0.0289
		0.0045	-0.0002	0.0288
		0.0044	0.0001	0.0284
		0.0044	0.0001	0.0283
		0.0043	0.0002	0.0283
		0.0043	0.0001	0.0283
		0.0041	0.0001	0.0287
		0.004	0.0001	0.0286
		0.0041	0.0001	0.0282
		0.004	0.0002	0.0286
		0.0038	0.0003	0.0289
		0.0037	0.0003	0.0286
		0.0037	0.0002	0.0284
		0.0035	0.0004	0.0279
		0.0035	0.0004	0.0279
		0.0035	0.0003	0.0273
		0.0034	0.0002	0.0271
		0.0035	0.0002	0.0268
		0.0035	-0.0001	0.0266
		0.0035	-0.0001	0.0271
		0.0035	-0.0002	0.0273
		0.0035	0	0.0273
		0.0036	0.0002	0.0276
		0.0034	0.0002	0.0275
		0.0033	0.0003	0.0271
		0.0033	0.0002	0.027
		0.0033	0.0003	0.0266
		0.0034	0.0003	0.0263
		0.0035	0.0002	0.0262
		0.0036	0.0002	0.026
		0.0035	0.0003	0.0258
		0.0035	0.0002	0.0257
		0.0036	0.0002	0.0261
		0.0036	0.0004	0.0262
		0.0037	0.0005	0.0266
		0.0037	0.0005	0.0268
		0.0037	0.0004	0.0265
		0.0037	0.0006	0.0265
		0.0036	0.0007	0.0265
		0.0038	0.0005	0.0268
		0.0038	0.0005	0.0268
		0.0038	0.0004	0.0266
		0.0038	0.0005	0.0265
		0.0037	0.0002	0.0265
		0.0038	0.0004	0.0266
		0.004	0.0002	0.0264
		0.004	0	0.0264
		0.0044	0.0002	0.0267
		0.0044	0.0002	0.0267
		0.0044	0.0002	0.0267
		0.0045	0.0001	0.027
		0.0044	0.0001	0.0265
		0.0043	-0.0001	0.0262
		0.0045	0	0.0265
		0.0047	-0.0002	0.0268
		0.0047	0	0.0267
		0.0046	0.0001	0.0266


 element
celluar