Mozilla/5.0 (Linux; Android 5.1; XT1034 Build/LPB23.13-57) AppleWebKit/537.36 (KHTML, like Gecko) Chrome/45.0.2454.94 Mobile Safari/537.36

 standard_deviation

 standard_deviation_mean
	-0.0116	0.0009	-0.0024

 standard_deviation
	0.0002	0	0.0003

 slope_aggression
	0.0162	0.0061	0.0185

 sum
	1.2753	0.3453	1.0174

 raw
		0.01	-0.0001	0.0193
		0.0044	0.0076	0.0038
		-0.0184	-0.0079	-0.0039
		-0.0112	-0.0039	-0.0116
		-0.0222	-0.004	-0.0192
		-0.0144	-0.0041	-0.0039
		-0.0139	-0.004	0.0038
		-0.0346	-0.0038	-0.0117
		-0.0429	-0.0077	-0.0195
		-0.0538	-0.0116	-0.0271
		-0.0104	0.0115	0.0115
		-0.0003	0	0.0116
		0.0262	0.0039	0.0271
		0.0042	0.0041	0.0117
		-0.003	0.0118	0.0039
		-0.0154	-0.0116	-0.0039
		-0.0213	0	-0.0039
		-0.0352	-0.0038	-0.0117
		-0.0202	0.0039	0.0038
		-0.0005	-0.0001	0.0038
		-0.0104	0.0113	-0.0269
		-0.0015	-0.0079	-0.0039
		0.0037	-0.0001	0.0115
		-0.085	-0.0002	-0.1113
		-0.0109	-0.0037	-0.0039
		0.0133	-0.0001	0.0193
		-0.0161	0.0037	0.0038
		-0.0157	0.0035	0.0037
		-0.0252	0.0076	-0.027
		-0.0075	-0.0038	0.0039
		0.0063	0.0079	0.0117
		0.0209	0.0116	0.0193
		-0.014	0.0038	-0.0194
		-0.0001	-0.0079	0.0191
		-0.0182	0	-0.0117
		-0.0396	0.0037	-0.027
		-0.0192	0.0077	-0.0039
		-0.0081	-0.004	0.0192
		-0.0233	0.0073	-0.0267
		-0.0127	-0.004	-0.0039
		-0.0021	-0.0003	0.0037
		-0.0087	-0.0001	0.0115
		-0.0239	-0.0001	0.0038
		-0.018	0.0115	0.0038
		0.0009	0.0001	0.0428
		-0.003	-0.0001	0.0115
		0.0009	0	0.0038
		-0.0117	-0.004	0.0038
		-0.0128	0.0036	0.0038
		-0.0266	0.0037	-0.0193
		-0.0024	0.0038	0.0115
		-0.001	0.0036	0.0038
		-0.033	-0.004	-0.0269
		-0.0215	0.0038	-0.0039
		-0.0238	0.0035	-0.0115
		-0.0215	-0.0001	-0.0039
		-0.0328	0.004	-0.0195
		-0.0167	-0.0002	0.0038
		-0.0044	0.0039	-0.0117
		0.0179	0.0075	0.0038
		-0.0174	-0.0001	-0.0116
		-0.0074	0.0044	0.004
		-0.0262	-0.0078	-0.0116
		-0.01	0.004	-0.0039
		-0.0031	-0.0078	0.0038
		-0.0052	0.0038	-0.0116
		0.0215	0.0036	0.0267
		0.0069	-0.0037	0.0118
		-0.0112	0	-0.0117
		-0.0125	-0.0002	-0.0039
		-0.02	-0.004	-0.0192
		0.0125	-0.0001	0.0193
		-0.0248	-0.0001	-0.0194
		-0.0389	-0.0041	-0.0268
		-0.0109	-0.004	0.0115
		-0.023	0.0077	-0.0039
		-0.003	0.0076	-0.0039
		0.0153	0.0155	-0.0039
		-0.0038	-0.004	0.0038
		-0.0063	-0.0002	0.0038
		0.011	0.0073	0.0113


 element
human