Mozilla/5.0 (Linux; Android 5.1; XT1034 Build/LPB23.13-57) AppleWebKit/537.36 (KHTML, like Gecko) Chrome/45.0.2454.94 Mobile Safari/537.36

 standard_deviation

 standard_deviation_mean
	0.0109	-0.0006	0.0003

 standard_deviation
	0.0003	0	0.0003

 slope_aggression
	0.0166	0.0079	0.0148

 sum
	1.3801	0.3928	0.8312

 raw
		0.0114	0	0.0155
		0.0012	0.0076	-0.0077
		0.0013	0	0.0077
		-0.0025	0.0084	-0.008
		-0.0114	-0.0078	-0.0001
		0.0205	0.0037	0.0076
		0.0079	-0.0043	-0.0001
		0.0192	0.0077	-0.0078
		-0.0122	-0.0078	-0.0077
		0.0087	-0.0001	0.0076
		0.0139	0	0.0077
		-0.0037	-0.0077	-0.0001
		0.0052	0.0036	-0.0001
		0.0088	-0.0154	0.0234
		0.032	-0.004	0.0383
		0.0324	-0.0003	0.0076
		0.0256	-0.0079	0.0076
		0.0203	-0.0003	-0.0001
		0.0253	0.0118	-0.0078
		-0.0004	-0.0116	-0.0001
		0.0027	-0.004	-0.0077
		0.0016	-0.0002	-0.0077
		0.0242	0.0112	-0.0001
		0.0205	-0.004	-0.0077
		0.0313	-0.0002	-0.0001
		0.0217	0.0034	-0.0001
		0.0184	-0.0003	-0.0077
		0.0305	0.015	-0.0077
		-0.0215	-0.0001	-0.0464
		0.0225	0.0075	0.0076
		0.0192	-0.0003	-0.0153
		0.025	-0.0078	0.023
		-0.0194	-0.0041	-0.0077
		-0.0095	-0.0001	-0.0001
		0.0038	-0.0003	-0.0077
		0.0107	-0.004	-0.0077
		0.021	-0.0079	0.0076
		0.0147	-0.0078	0.0154
		-0.0156	-0.0079	-0.0153
		0.0153	0.0035	0.0152
		-0.0026	0.008	-0.0157
		0.0065	-0.0037	-0.0001
		0.0352	-0.0038	0.0155
		0.026	-0.0078	0.0154
		0.0274	0.0035	0.0152
		0.0077	0.0076	-0.0154
		0.0314	-0.0003	0.0076
		-0.0065	-0.0194	-0.0001
		0.0097	-0.004	-0.0077
		0.0328	-0.0001	-0.0001
		0.0122	-0.004	-0.0077
		0.0184	-0.0041	0.0076
		0.0237	0.0114	-0.0077
		0.0172	0.0036	0.0076
		0.0234	-0.0001	0.0076
		-0.0097	-0.004	-0.0077
		0.0187	-0.0116	0.0154
		0.0288	0	0.0155
		0.0387	0.0038	0.0077
		0.0397	-0.0001	0.0076
		0.0141	-0.0041	0.0076
		0.0041	0.0036	0.0153
		0.0146	-0.0001	0.0076
		0.032	0.0076	0.0076
		0.0227	-0.0003	0.0076
		0.0142	-0.004	0.0076
		0.0213	0.0001	0.0155
		0.0063	0.0038	-0.0001
		0.0002	0.0078	-0.0078
		0.0186	0.0036	0.0153
		0.0059	-0.0002	-0.0001
		-0.0046	-0.0117	0.0076
		0.0035	0.0038	0.0077
		-0.0988	-0.0078	-0.1151
		-0.0109	-0.004	-0.0001
		0.0218	-0.0037	0.0156
		0.0144	0.0077	-0.0078
		-0.0156	-0.0039	-0.0155
		0.0123	0.0078	-0.0078
		0.0131	-0.0078	0.0076
		-0.0032	0.0077	-0.0155


 element
wave