Mozilla/5.0 (Linux; Android 5.1; XT1034 Build/LPB23.13-57) AppleWebKit/537.36 (KHTML, like Gecko) Chrome/45.0.2454.94 Mobile Safari/537.36

 standard_deviation

 standard_deviation_mean
	0.0516	0.0073	0.0041

 standard_deviation
	0.0003	0	0.0003

 slope_aggression
	0.0162	0.0062	0.016

 sum
	4.2607	0.6365	0.9935

 raw
		0	-0.0001	-0.0039
		0.0587	0.0079	0.0272
		0.0331	0.0038	-0.0116
		0.0522	0.0115	0.0038
		0.0387	0.0001	0.0038
		0.0541	-0.0001	0.0115
		0.0445	0.0039	0.0116
		0.0391	0.0039	-0.0039
		0.0827	0.0114	0.0269
		0.0493	0.0114	-0.0039
		0.05	0.0116	0.0116
		0.0439	0.0077	0.0116
		0.0514	0.0078	-0.004
		0.0628	0.0116	0.0038
		0.0563	0.0155	0.0038
		0.0698	-0.0001	0.0193
		0.062	0.0114	0.0115
		0.029	0.0114	-0.0115
		0.055	0.0114	0.0038
		0.0467	0	0.0116
		0.0549	0.0074	0.0114
		0.0559	-0.0002	-0.0115
		0.0791	0.0153	0.0038
		0.0549	0.0076	-0.0039
		0.0476	0.0154	-0.0039
		0.0447	-0.0002	0.0038
		0.0373	0.0075	0.0038
		0.0381	-0.0039	0.027
		0.0674	0.0114	0.0268
		0.0507	0.0076	0.0038
		0.0688	0.0117	0.0116
		0.0505	-0.004	-0.0039
		0.0639	0.0113	0.0038
		0.0475	0.0154	-0.0039
		0.0639	0.0074	0.019
		0.0616	0.0153	0.0038
		0.0462	0.0038	0.0115
		0.0303	0.0077	-0.0039
		0.0622	0.0114	0.0115
		0.062	-0.0002	0.0114
		0.0647	-0.0003	0.019
		0.0547	-0.0039	0.0038
		0.0924	0.0077	0.027
		0.0639	0.0117	0.0038
		0.0692	0.0115	0.0193
		0.0612	0.0079	0.0194
		0.0527	0.0199	-0.0041
		0.0637	0.0079	0.0038
		0.047	0.0114	-0.0115
		0.0443	0.0115	-0.0039
		0.0693	0.0038	0.0192
		0.052	0.0039	0.0038
		0.055	0.0113	0.0114
		0.0366	0.0038	-0.0039
		0.0051	-0.0116	-0.0117
		-0.0512	0.0037	-0.1184
		0.0404	0.0158	-0.0197
		0.0592	0.0114	0.0038
		0.0491	0.0152	-0.0115
		0.0458	0.0077	-0.0117
		0.0671	0.0077	0.0271
		0.0607	0.0154	0.0038
		0.0262	0.0037	-0.0193
		0.0238	0.0077	-0.0271
		0.0593	0.0115	0.0115
		0.0567	0.0078	0.0194
		0.0668	0.0038	0.0115
		0.0658	0.0039	0.0038
		0.0397	0	-0.0117
		0.042	-0.0001	0.0038
		0.0658	0.0036	0.0267
		0.0391	0.0039	-0.0039
		0.0514	0.0078	0.0116
		0.0586	-0.0001	0.0115
		0.0701	0.0113	0.0267
		0.0714	0.0154	0.0193
		0.0662	0.0114	-0.0039
		0.0653	0.0115	0.0038
		0.0707	0.0077	0.0193
		0.0458	0.011	0.0114
		0.0262	0.0037	0.0038


 element
human