Mozilla/5.0 (Linux; Android 5.1; XT1034 Build/LPB23.13-57) AppleWebKit/537.36 (KHTML, like Gecko) Chrome/45.0.2454.94 Mobile Safari/537.36

 standard_deviation

 standard_deviation_mean
	-0.0156	-0.0004	-0.0072

 standard_deviation
	0.0002	0	0.0002

 slope_aggression
	0.0155	0.0059	0.017

 sum
	1.4436	0.3544	1.0662

 raw
		-0.0211	-0.0038	-0.0155
		-0.0141	0.0036	-0.0154
		-0.0174	0.0001	-0.0156
		-0.0141	0.0037	-0.0155
		0.0011	0.0078	0
		-0.0118	-0.0001	-0.0078
		-0.0189	-0.0078	-0.0078
		-0.0209	0.0076	-0.0232
		-0.0437	0.0036	-0.0001
		-0.0352	-0.0003	-0.0154
		-0.0095	-0.0039	0
		-0.0019	0.0038	-0.0232
		0.0318	0.0078	0.0077
		0.0035	-0.0041	-0.0078
		0.0051	0.0038	-0.0078
		0.0012	0	0.0077
		0.0032	-0.0001	0.0154
		-0.0132	0.0074	-0.0078
		-0.0058	0.0039	-0.0155
		0.0009	0.004	-0.0078
		-0.0276	-0.0041	-0.023
		-0.0308	-0.0041	-0.0078
		-0.0121	0.004	0
		-0.0114	-0.0039	-0.0078
		-0.0197	-0.0117	-0.0232
		-0.0098	0.0043	-0.0156
		-0.0268	-0.0002	-0.0154
		0.0052	0.0001	0.0311
		0.0027	0.0038	0.0231
		0.0019	-0.004	0.0076
		0.0005	-0.0001	-0.0001
		0.0172	0.0039	0.0155
		-0.005	0.0042	-0.0156
		-0.0076	-0.0116	0
		-0.0428	-0.0115	-0.0313
		-0.0005	0.0038	0.0077
		-0.0106	-0.0038	0.0077
		-0.0174	0.0077	-0.0078
		-0.0142	0.0077	-0.0078
		-0.0112	0.0035	-0.0001
		-0.0378	0.0038	-0.0309
		-0.0219	-0.004	-0.0001
		-0.0156	0.0035	-0.0078
		-0.0143	-0.0078	0.0077
		-0.0365	0.0118	-0.0311
		-0.0159	-0.0079	0.0152
		-0.0405	-0.0077	-0.031
		-0.017	-0.0038	-0.0078
		-0.0309	-0.004	-0.0078
		-0.0107	0.0078	-0.0155
		-0.004	0.0076	-0.0001
		-0.0038	0.0036	0.0076
		0.0082	-0.0001	0.0154
		-0.0144	-0.0115	-0.0156
		0.0244	0.0038	0.0231
		-0.0321	-0.004	-0.0232
		-0.0309	-0.0039	0
		-0.0225	-0.0002	0.0152
		-0.0445	0.0038	-0.0155
		-0.0066	0.008	0.0079
		-0.0247	-0.0001	-0.0155
		-0.029	-0.0039	-0.0232
		-0.0345	-0.0117	-0.0232
		-0.0533	-0.0117	-0.0308
		-0.0178	0	-0.0078
		0.0057	-0.0001	0.0076
		-0.0264	-0.0001	-0.0232
		-0.0507	-0.0155	-0.0155
		-0.0336	-0.0038	-0.0155
		0.0003	-0.0001	-0.0078
		-0.0167	0.0039	-0.0155
		-0.0244	0.0003	-0.0156
		-0.018	-0.0002	-0.0078
		-0.0357	0.0038	-0.0309
		-0.015	-0.0078	-0.0078
		-0.0088	0	0
		-0.0176	-0.0079	0.0075
		-0.0118	-0.0002	-0.0154
		-0.0332	-0.0001	-0.0232
		-0.0069	-0.0001	0.0308
		-0.0407	-0.0001	-0.0385


 element
human