Mozilla/5.0 (Linux; Android 5.1; XT1034 Build/LPB23.13-57) AppleWebKit/537.36 (KHTML, like Gecko) Chrome/45.0.2454.94 Mobile Safari/537.36

 standard_deviation

 standard_deviation_mean
	-0.0534	-0.0003	0.0092

 standard_deviation
	0.0003	0	0.0003

 slope_aggression
	0.0174	0.0061	0.0174

 sum
	4.3145	0.3611	1.1388

 raw
		-0.0364	-0.004	0.0115
		-0.0239	-0.0038	0.0347
		-0.0516	0.0002	0.0116
		-0.062	-0.0002	-0.0038
		-0.0803	-0.0154	0.0038
		-0.0598	0.0081	0.0038
		-0.0635	0.0038	-0.0039
		-0.0653	0.0079	-0.0273
		-0.0603	0.0001	-0.0117
		-0.0406	0.0076	0.0115
		-0.0249	0.0081	0.0116
		-0.0345	-0.0001	0.0192
		-0.0506	0.0041	0.0038
		-0.0091	0.0153	0.0346
		-0.0335	0	0.0038
		-0.0307	-0.0001	0.0192
		-0.0496	-0.0001	0.0115
		-0.0582	-0.0038	0.027
		-0.0629	0.004	0.0038
		-0.0524	-0.004	0.0267
		-0.0559	-0.0038	0.0115
		-0.0582	0.0078	0.0115
		-0.0518	-0.0038	0.0038
		-0.0467	0.0036	0.0191
		-0.0702	0.0039	0.0038
		-0.0467	0	0.027
		-0.0584	0.004	0.0115
		-0.0692	0.0041	0.0271
		-0.0648	0.0037	0.0268
		-0.0478	0.004	0.0193
		-0.0536	-0.0001	0.0344
		-0.1013	-0.0117	-0.019
		0.0314	-0.0078	0.1107
		-0.0452	0.0038	0.0038
		-0.0555	0.0074	0.0114
		-0.0472	-0.0038	0.027
		-0.0667	-0.0036	-0.0119
		-0.0551	-0.0001	-0.0039
		-0.0555	-0.0002	-0.0038
		-0.0637	0.0036	-0.0038
		-0.0487	-0.004	0.0115
		-0.0733	0.0075	-0.0192
		-0.0657	-0.0077	0.0038
		-0.0398	0.0001	0.0038
		-0.0325	-0.0077	0.0192
		-0.056	-0.0002	0.0038
		-0.0662	0	-0.0116
		-0.0736	-0.0039	-0.0193
		-0.0567	0.0074	0.0038
		-0.0448	0.0039	0.0038
		-0.0247	-0.0078	0.0268
		-0.0349	0	0.0038
		-0.0593	-0.0076	0.0116
		-0.0528	-0.0115	0.0193
		-0.0778	-0.0154	0.0038
		-0.0614	-0.0074	0.0038
		-0.0468	0.0076	-0.0039
		-0.0761	0.0039	-0.0116
		-0.0401	-0.0001	0.0269
		-0.046	-0.0038	0.0038
		-0.0587	-0.0079	-0.0038
		-0.0494	0.0039	0.0038
		-0.0514	-0.0039	0.0038
		-0.0319	0.0043	0.0195
		-0.0533	0.004	0.0038
		-0.09	-0.0039	-0.0116
		-0.0774	-0.0038	0.0115
		-0.0664	-0.0078	0.0115
		-0.0548	0	0.0192
		-0.0884	0.0003	0.0038
		-0.086	0.0037	-0.0268
		-0.0353	0.0075	0.0115
		-0.0595	0	0.0038
		-0.0501	-0.0077	0.0192
		-0.0665	-0.0041	-0.0038
		-0.0422	0	0.0192
		-0.0491	-0.004	0.0267
		-0.0329	0.0077	0.0347
		-0.0488	-0.0039	0.0038
		-0.0545	0.0037	0.0038
		-0.066	-0.0077	0.0115


 element
human