Mozilla/5.0 (Linux; Android 5.1; XT1034 Build/LPB23.13-57) AppleWebKit/537.36 (KHTML, like Gecko) Chrome/45.0.2454.94 Mobile Safari/537.36

 standard_deviation

 standard_deviation_mean
	-0.007	-0.0117	0.0047

 standard_deviation
	0.0003	0	0.0003

 slope_aggression
	0.0162	0.0063	0.0184

 sum
	1.1986	0.9318	0.9955

 raw
		0	-0.0001	-0.0001
		-0.0015	-0.0155	0.0077
		0.003	-0.0117	0.0155
		-0.0302	-0.0155	-0.0156
		-0.0246	-0.0081	-0.0154
		-0.0074	-0.0157	-0.0001
		-0.0021	-0.0195	0.0154
		0.0234	-0.0117	0.0231
		-0.0299	-0.0155	-0.0078
		-0.0266	-0.0116	-0.0156
		-0.0175	-0.0155	-0.0311
		0.0341	-0.0079	0.0308
		0.0058	-0.004	0.0077
		0.0166	-0.008	0.023
		0.011	-0.0155	-0.0001
		0.0152	-0.0117	0.0232
		-0.0426	-0.0232	-0.0157
		-0.0221	-0.0156	-0.0001
		0.0043	-0.0116	0.0155
		-0.0012	0.0001	-0.0001
		0.0146	-0.004	0.0231
		-0.0153	-0.0082	-0.0001
		-0.0305	-0.0114	-0.0158
		-0.0127	-0.0076	0.0078
		-0.0184	-0.0155	0.0155
		-0.0342	-0.0234	0.0076
		-0.0551	-0.0157	-0.0001
		-0.0171	-0.0083	0.0227
		-0.0141	-0.0037	-0.0001
		-0.0058	-0.0079	0.0077
		-0.0094	-0.0117	0.0077
		-0.008	-0.0079	-0.0001
		0.0031	-0.0081	0.0229
		-0.003	-0.0158	0.0152
		0.002	-0.0041	0.0153
		-0.0238	-0.0117	-0.0078
		-0.0196	-0.0157	0.0076
		-0.0224	-0.0117	-0.0078
		-0.0153	-0.0157	-0.0001
		-0.0205	-0.0116	-0.0078
		0.0091	-0.008	0.023
		-0.0064	-0.0039	-0.0156
		-0.0134	-0.0117	-0.0078
		-0.0056	-0.0233	0.0231
		-0.0139	-0.0039	0.0077
		-0.0297	-0.0272	0.0155
		0.0177	-0.0081	0.0153
		0.0094	-0.0041	-0.0077
		0.0022	-0.0079	-0.0078
		-0.0177	-0.0156	-0.0232
		-0.0092	-0.0195	-0.0077
		0.0139	-0.0116	0.0155
		0.0155	-0.0042	-0.0077
		0.0077	-0.0154	-0.0079
		-0.0018	-0.0195	0.0076
		0.0185	-0.0117	0.031
		0.0129	-0.0082	0.0076
		-0.0052	-0.0081	-0.0077
		-0.0179	-0.0158	0.0152
		-0.0253	-0.0079	-0.0078
		0.0738	-0.0079	0.1154
		-0.0137	-0.0078	-0.0001
		-0.0025	-0.0117	-0.0001
		-0.0217	-0.0158	-0.0153
		-0.0036	-0.0155	0.0077
		0.0016	-0.0117	0.0231
		-0.0111	-0.0195	-0.0001
		-0.0136	-0.0195	-0.0154
		-0.0074	-0.0076	-0.0079
		0	-0.0155	0.0077
		0.0043	-0.008	-0.0001
		-0.0049	-0.0118	0.0153
		-0.0008	-0.0001	0.0155
		-0.0326	-0.0155	-0.0078
		-0.0116	-0.0195	0.0076
		-0.0168	-0.0157	0.0076
		-0.0234	-0.0079	-0.0155
		0.0074	-0.0118	0.0076
		-0.0141	-0.0118	0.0076
		-0.0179	-0.0079	-0.0001
		-0.0209	-0.0158	-0.0077


 element
human