Mozilla/5.0 (Linux; Android 5.1; XT1034 Build/LPB23.13-57) AppleWebKit/537.36 (KHTML, like Gecko) Chrome/45.0.2454.94 Mobile Safari/537.36

 standard_deviation

 standard_deviation_mean
	0.0131	-0.0037	0.0039

 standard_deviation
	0.0002	0	0.0003

 slope_aggression
	0.0163	0.006	0.0153

 sum
	1.3545	0.3986	0.9239

 raw
		-0.014	-0.0002	0.0077
		-0.0166	-0.0004	-0.0154
		0.0118	-0.0005	0.0152
		0.0049	-0.0079	0.0077
		0.0283	0.0001	-0.0001
		0.0178	-0.0079	0.0077
		0.0171	0.0036	0.0077
		0.0132	-0.0006	0.0076
		0.0098	0.0035	0.0076
		0.022	-0.0005	0.0152
		0.0233	-0.0041	0.0154
		-0.0102	-0.0042	-0.0077
		-0.0119	-0.0002	-0.0078
		-0.0097	-0.0081	-0.0001
		0.0405	0.0036	0.0154
		-0.015	-0.0157	-0.0077
		-0.0026	-0.0041	0.0077
		0.0077	-0.004	0.0077
		-0.0117	-0.0078	-0.0234
		-0.0006	-0.0079	-0.0078
		0.0306	0.0036	-0.0001
		-0.0025	-0.0116	-0.0158
		0.0064	-0.0004	-0.0077
		0.0194	-0.0003	0.0076
		0.0075	-0.0118	0.0077
		0.0398	-0.0039	0.0155
		0.0237	-0.0079	-0.0001
		0.009	0.0033	-0.0001
		0.0252	-0.0044	0.0304
		0.0222	-0.0041	0.0154
		0.0184	-0.0002	-0.0001
		0.0169	-0.0039	0.0077
		0.0347	-0.0004	0.0076
		0.0078	-0.008	-0.0077
		-0.0019	-0.0118	-0.0001
		0.0161	-0.0082	0.0227
		-0.0046	-0.0081	-0.0077
		0.005	-0.0001	-0.0001
		0.014	-0.008	0.0153
		0.0388	-0.0001	0.0155
		0.0165	-0.004	-0.0156
		0.0015	-0.0081	-0.0001
		-0.0065	-0.0003	-0.0154
		0.0279	-0.0041	0.0154
		0.0246	-0.0041	-0.0001
		0.0925	-0.0041	0.1154
		0.0149	-0.0078	0.0155
		0.0299	-0.0042	0.0153
		0.0446	-0.0001	0.0155
		0.0208	-0.0119	-0.0001
		0.0212	-0.0118	0.0155
		0.0103	-0.0042	0.0076
		-0.0118	-0.0079	-0.0078
		0.0071	-0.0078	0.0077
		-0.0065	-0.0081	-0.0077
		-0.0031	-0.008	-0.0001
		0.0209	-0.0043	0.0228
		0.017	-0.0079	0.0077
		0.0111	-0.0004	0.0076
		-0.0033	-0.0041	-0.0001
		0.0207	0.0039	-0.0157
		0.011	-0.0042	-0.0077
		0.0177	0.0071	-0.0001
		0.0306	-0.0043	0.0228
		0.0389	0.0113	0.0077
		0.0139	-0.008	-0.0001
		0.0044	-0.0001	-0.0156
		0.0288	0.0033	0.0152
		0.0244	-0.0043	0.0152
		0.0071	0.0002	-0.0079
		-0.0103	-0.0081	-0.0229
		0.0161	-0.0079	0.0155
		0.0351	0.0076	0.0155
		0.0213	-0.0042	0.0153
		0.0042	0.0033	-0.0153
		0.0003	-0.008	-0.0077
		0.0184	-0.0079	0.0077
		0.0074	-0.0005	-0.0153
		0.0163	-0.0041	-0.0078
		-0.0004	-0.0042	-0.0231
		-0.0056	-0.008	-0.0154


 element
celluar