Mozilla/5.0 (iPhone; CPU iPhone OS 7_1_2 like Mac OS X) AppleWebKit/537.51.2 (KHTML, like Gecko) Version/7.0 Mobile/11D257 Safari/9537.53

 standard_deviation

 standard_deviation_mean
	-0.002	0.0392	0.0111

 standard_deviation
	0	0.0002	0.0009

 slope_aggression
	0.0001	0.0007	0.0013

 sum
	0.1587	3.1313	0.9562

 raw
		0	-0.0001	0.0915
		0	-0.0001	0.0915
		0	-0.0001	0.0915
		0	-0.0001	0.0915
		0	-0.0001	0.0915
		0	-0.0001	0.0915
		0	-0.0001	0.0915
		0	-0.0001	0.0915
		0	-0.0001	0.0915
		0	-0.0001	0.0915
		0	0.0445	-0.0013
		-0.0002	0.0448	-0.0008
		-0.0007	0.045	-0.0007
		-0.0008	0.0454	-0.0004
		-0.0014	0.0444	-0.0006
		-0.0015	0.0445	0
		-0.0015	0.0444	-0.0003
		-0.001	0.0447	0.0001
		-0.0012	0.0448	-0.0003
		-0.0016	0.0446	0.0005
		-0.0019	0.0448	0.0002
		-0.0022	0.0452	0.0003
		-0.0022	0.0454	0.0005
		-0.0023	0.0451	0.0006
		-0.0025	0.0451	0.0001
		-0.0025	0.0451	0.0001
		-0.0025	0.0448	0.0001
		-0.0025	0.045	0.0003
		-0.0025	0.0451	0.0009
		-0.0023	0.0451	0.0012
		-0.0023	0.045	0.0011
		-0.0024	0.0451	0.0012
		-0.0021	0.0451	0.0013
		-0.0021	0.0449	0.001
		-0.0022	0.0451	0.0009
		-0.0023	0.0449	0.0007
		-0.0023	0.0449	0.0007
		-0.0022	0.0448	0.0006
		-0.0026	0.045	0.0005
		-0.0026	0.0451	0.0001
		-0.0026	0.045	-0.0001
		-0.0026	0.045	-0.0001
		-0.0025	0.0449	0.0001
		-0.0025	0.0449	-0.0002
		-0.0026	0.045	0
		-0.0026	0.0448	-0.0001
		-0.0027	0.0449	-0.0004
		-0.0027	0.0445	0.0003
		-0.0026	0.0444	0.0002
		-0.0029	0.0446	-0.0003
		-0.0029	0.0448	-0.0003
		-0.003	0.0451	0.0003
		-0.0031	0.0454	0.0006
		-0.0034	0.0453	0.0004
		-0.0035	0.0453	0.0004
		-0.0035	0.0453	0.0003
		-0.0031	0.0446	-0.0001
		-0.0028	0.0442	-0.0003
		-0.0026	0.0437	-0.0008
		-0.0022	0.0434	-0.0007
		-0.0021	0.0435	-0.0005
		-0.0023	0.0436	-0.0003
		-0.0024	0.0438	-0.0003
		-0.0024	0.0442	-0.0004
		-0.0023	0.0444	-0.0003
		-0.0025	0.0445	-0.0007
		-0.0025	0.0447	-0.0006
		-0.0027	0.0447	-0.0012
		-0.0028	0.0445	-0.0012
		-0.0026	0.0444	-0.0016
		-0.0027	0.0442	-0.0014
		-0.0026	0.0442	-0.0011
		-0.0024	0.0444	-0.0009
		-0.0024	0.0444	-0.0009
		-0.0026	0.0443	-0.0009
		-0.0025	0.0443	-0.0009
		-0.0024	0.0441	-0.0012
		-0.0024	0.0441	-0.0012
		-0.0024	0.0443	-0.0011
		-0.0024	0.0444	-0.0014
		-0.0025	0.0443	-0.0016


 element
celluar