Mozilla/5.0 (iPhone; CPU iPhone OS 7_1_2 like Mac OS X) AppleWebKit/537.51.2 (KHTML, like Gecko) Version/7.0 Mobile/11D257 Safari/9537.53

 standard_deviation

 standard_deviation_mean
	0.3832	0.0716	0.0592

 standard_deviation
	0.2356	0.0663	0.227

 slope_aggression
	0.0457	0.0317	0.0824

 sum
	41.8906	15.9388	30.2115

 raw
		0	-0.0001	0.0504
		0	-0.0001	0.0504
		0	-0.0001	0.0504
		0	-0.0001	0.0504
		0	-0.0001	0.0504
		0	-0.0001	0.0504
		0	-0.0001	0.0504
		0	-0.0001	0.0504
		0	-0.0001	0.0504
		0	-0.0001	0.0504
		-0.0499	0.0298	-0.0078
		-0.1174	0.0402	0.1962
		-0.07	-0.1042	0.1506
		0.0297	-0.1212	0.2283
		0.2826	-0.1331	0.3021
		0.3628	-0.1438	0.3458
		0.4781	-0.1509	0.2772
		0.5277	-0.1461	0.2184
		0.5916	-0.1067	0.0485
		0.6973	-0.0385	-0.566
		0.6877	-0.029	-0.6583
		0.7043	-0.0109	-0.6493
		0.7921	0.0285	-0.4804
		0.8545	0.0378	-0.3364
		0.9071	0.0376	-0.2112
		0.9803	0.0191	-0.0142
		0.9954	0.0127	0.0551
		0.9965	-0.0169	0.1747
		0.9885	-0.036	0.2166
		0.9576	-0.0687	0.2705
		0.9371	-0.0983	0.2785
		0.8818	-0.1703	0.3181
		0.8432	-0.2149	0.3569
		0.7687	-0.3058	0.4045
		0.7309	-0.3442	0.4232
		0.6987	-0.3752	0.4308
		0.6624	-0.4085	0.4454
		0.5746	-0.4799	0.4754
		0.5775	-0.4778	0.4967
		0.6273	-0.3983	0.7861
		0.6634	-0.3543	0.8344
		0.7543	-0.2407	0.8528
		0.7781	-0.1975	0.8529
		0.8003	-0.1558	0.8517
		0.8446	-0.0755	0.8439
		0.8703	-0.0251	0.8338
		0.9217	0.057	0.8042
		0.9419	0.0951	0.7886
		0.9761	0.1628	0.7271
		0.9889	0.1925	0.6783
		0.9958	0.2868	0.4737
		0.9699	0.3181	0.3108
		0.9485	0.327	0.2235
		0.8458	0.3469	-0.0726
		0.8458	0.3469	-0.0726
		0.7619	0.3394	-0.2517
		0.7148	0.3344	-0.3449
		0.6662	0.3264	-0.4331
		0.5457	0.3024	-0.6228
		0.4816	0.2888	-0.7074
		0.3343	0.2527	-0.8784
		0.2723	0.235	-0.9295
		0.1813	0.1976	-0.9796
		0.1465	0.1794	-0.9886
		0.1169	0.1626	-0.9923
		0.1004	0.1562	-0.9945
		-0.2694	0.2658	-0.3095
		-0.2776	0.255	-0.2894
		-0.2776	0.255	-0.2894
		-0.2799	0.259	-0.2834
		-0.3279	0.2722	-0.104
		-0.4233	0.2943	0.242
		-0.425	0.3163	0.225
		-0.4241	0.3869	0.1636
		-0.4245	0.4061	0.1603
		-0.4171	0.4575	0.1454
		-0.4087	0.487	0.1202
		-0.3985	0.5162	0.092
		-0.3626	0.59	-0.0131
		-0.3318	0.6351	-0.1027
		-0.2808	0.72	-0.2515


 element
celluar