Mozilla/5.0 (Macintosh; Intel Mac OS X 10_9_5) AppleWebKit/537.36 (KHTML, like Gecko) Chrome/45.0.2454.93 Safari/537.36

 standard_deviation

 standard_deviation_mean
	0	0.0022	-0.0776

 standard_deviation
	0	0.0002	0.0012

 slope_aggression
	0	0.0188	0.0375

 sum
	0	1.0051	6.2769

 raw
		0	0.0122	-0.0638
		0	0.0001	-0.0717
		0	0.0086	-0.0957
		0	0.0042	-0.1036
		0	0.0042	-0.0797
		0	-0.0074	-0.1116
		0	0.0124	-0.0318
		0	-0.016	-0.0638
		0	0.0003	-0.0957
		0	0.0446	0.0081
		0	-0.0201	-0.1036
		0	0.012	-0.0558
		0	0.0324	-0.0717
		0	-0.0151	-0.0558
		0	0.0001	-0.0638
		0	0.0243	-0.0797
		0	-0.0112	-0.0558
		0	-0.0198	-0.0638
		0	-0.0193	-0.1196
		0	0.0046	-0.1036
		0	0.0046	-0.0797
		0	0.0203	0.016
		0	0.0284	-0.0239
		0	-0.012	-0.0638
		0	0.0118	-0.0318
		0	0.0121	-0.0797
		0	-0.0112	-0.1036
		0	-0.0112	-0.0717
		0	0.0244	-0.0398
		0	0.0122	0.0081
		0	0.0246	-0.0717
		0	-0.0114	-0.0957
		0	0.0246	-0.0957
		0	-0.0151	-0.1752
		0	0.0046	-0.0398
		0	-0.0313	-0.0957
		0	0.0203	-0.0717
		0	-0.0074	-0.0717
		0	0.0244	-0.0398
		0	-0.0078	-0.0797
		0	0.0042	-0.0957
		0	-0.0078	-0.0558
		0	-0.0074	-0.1036
		0	0.0043	-0.0558
		0	0.004	-0.0797
		0	0.0203	-0.1036
		0	0.0243	-0.0318
		0	-0.0193	-0.1355
		0	0.0043	-0.1116
		0	0.0003	-0.1036
		0	-0.0078	-0.1116
		0	0.0001	-0.0957
		0	-0.0122	-0.0957
		0	-0.0078	-0.1434
		0	0.0244	-0.0558
		0	0.0043	-0.0638
		0	-0.0078	-0.0797
		0	0.0008	-0.0638
		0	0.0003	-0.0318
		0	0.0406	-0.0558
		0	0.0206	-0.0398
		0	-0.0078	-0.0717
		0	-0.0082	-0.0797
		0	0.0203	-0.0638
		0	-0.012	-0.0797
		0	0.0039	-0.1355
		0	0.0003	-0.1036
		0	0.0244	-0.0957
		0	0.0042	-0.1036
		0	-0.0158	-0.1116
		0	-0.0122	-0.0638
		0	-0.0114	-0.1116
		0	-0.012	-0.0558
		0	0.0003	-0.1752
		0	-0.0114	-0.1116
		0	0.0008	-0.0957
		0	0.0042	-0.0398
		0	-0.0279	-0.1196
		0	0.0083	-0.0398
		0	0.0079	-0.0558
		0	-0.0198	-0.0717


 element
wave