Mozilla/5.0 (Linux; Android 5.0.2; XT1034 Build/LXB22.46-32) AppleWebKit/537.36 (KHTML, like Gecko) Chrome/45.0.2454.94 Mobile Safari/537.36

 standard_deviation

 standard_deviation_mean
	0.1736	0.1208	0.1851

 standard_deviation
	0.4968	0.0408	0.6246

 slope_aggression
	0.193	0.089	0.2378

 sum
	53.4998	15.4355	62.7229

 raw
		0.029	0.0064	-0.0974
		0.078	0.0163	-0.0183
		0.4035	0.0054	0.4902
		0.2466	0.0161	0.4586
		0.7537	-0.1475	0.9975
		0.6947	-0.0781	0.9999
		0.7321	-0.2224	0.9695
		0.8509	-0.2565	0.8996
		0.807	-0.2042	0.9339
		0.7577	-0.1216	0.9819
		0.7312	0.0341	0.9997
		0.6277	0.1074	0.9513
		0.4292	0.2244	0.6919
		0.2276	0.3081	0.2076
		0.0989	0.3205	-0.1368
		0.1017	0.4223	-0.5485
		-0.6468	0.3127	-0.9687
		-0.7489	0.2573	-0.8928
		-0.8945	0.1679	-0.5322
		-0.9008	0.1353	-0.6601
		-0.855	0.1767	-0.9736
		-0.698	0.33	-0.9797
		0.3682	0.3463	0.4546
		0.3397	0.3138	0.8024
		0.4599	0.2777	0.9513
		0.7032	0.1049	0.9727
		0.7189	0.0472	0.9626
		0.6988	-0.0654	0.959
		0.8419	-0.1273	0.9101
		0.9319	-0.1559	0.8695
		0.8784	-0.089	0.944
		0.9883	0.0316	0.89
		0.98	0.2027	0.9574
		0.9831	0.3327	0.9997
		0.642	0.4218	0.4639
		-0.0175	0.4438	-0.8472
		-0.5096	0.3648	-0.9108
		-0.6578	0.2632	-0.7846
		-0.8631	0.0617	-0.6886
		-0.9184	-0.0526	-0.6444
		-0.913	-0.0849	-0.6509
		-0.9535	-0.1669	-0.623
		-0.8188	0.0794	-0.8888
		-0.3904	0.2573	-0.623
		0.187	0.2854	0.4865
		0.6262	0.195	0.9965
		0.9203	0.0134	0.8321
		0.8342	-0.036	0.8554
		0.8428	-0.148	0.8443
		0.8384	-0.1364	0.8719
		0.9438	-0.1312	0.8273
		0.965	-0.0771	0.8427
		0.9415	0.1086	0.9339
		0.7591	0.3888	0.9044
		0.5502	0.4456	0.3203
		-0.0827	0.4006	-0.8887
		-0.3924	0.3375	-0.9948
		-0.72	0.1798	-0.9044
		-0.7433	0.1436	-0.8668
		-0.7304	0.1146	-0.8168
		-0.8817	-0.0603	-0.6956
		-0.8762	-0.0763	-0.6152
		-0.9119	-0.095	-0.8336
		-0.7319	0.1069	-0.9995
		-0.4583	0.1796	-0.5457
		0.3754	0.1857	0.8462
		0.8104	0.08	0.9642
		0.5127	-0.0346	0.9846
		0.7372	-0.0761	0.9088
		0.8864	-0.0975	0.8225
		0.9493	-0.0532	0.806
		0.9478	0.12	0.8437
		0.9453	0.1978	0.8945
		0.9099	0.3696	0.9979
		0.8789	0.426	0.9675
		0.7344	0.5151	0.541
		0.0619	0.5254	-0.7784
		-0.2961	0.4728	-0.9955
		-0.6885	0.3736	-0.6402
		-0.9377	0.0852	-0.6663
		-0.9645	-0.0616	-0.3061


 element
wave