Mozilla/5.0 (Macintosh; Intel Mac OS X 10_9_5) AppleWebKit/537.36 (KHTML, like Gecko) Chrome/45.0.2454.93 Safari/537.36

 standard_deviation

 standard_deviation_mean
	0	0.0019	-0.0899

 standard_deviation
	0	0.0001	0.0009

 slope_aggression
	0	0.0153	0.0315

 sum
	0	0.8537	7.2177

 raw
		0	0.0203	-0.0757
		0	0.0008	-0.1235
		0	-0.012	-0.1315
		0	0.0043	-0.1315
		0	0.0203	-0.1156
		0	0.0082	-0.1076
		0	0.0043	-0.0757
		0	0.0082	-0.0438
		0	0.0003	-0.1235
		0	0.004	-0.0518
		0	0.0003	-0.0678
		0	-0.0078	-0.0837
		0	0.0006	-0.0678
		0	-0.0078	-0.0757
		0	-0.0001	-0.1156
		0	-0.0122	-0.0837
		0	0.0001	-0.1076
		0	0.0203	-0.0757
		0	0.0039	-0.1553
		0	-0.0078	-0.1235
		0	-0.031	-0.1235
		0	0.0244	-0.0917
		0	0.0203	-0.0917
		0	-0.0284	-0.1235
		0	0.0122	-0.0757
		0	0.0203	-0.0757
		0	0.0081	-0.1076
		0	0.0042	-0.0678
		0	0.0003	-0.0678
		0	-0.0112	-0.1474
		0	0.0083	-0.0757
		0	0.0121	-0.0757
		0	-0.0158	-0.0757
		0	0.0203	-0.0438
		0	0.0043	-0.0757
		0	0.0003	-0.1076
		0	0.004	-0.0917
		0	-0.0078	-0.0917
		0	0.0203	-0.0917
		0	0.0124	-0.0757
		0	-0.0082	-0.0837
		0	0.0001	-0.1076
		0	0.0046	-0.0917
		0	-0.0082	-0.1235
		0	0.0204	-0.0518
		0	-0.0163	-0.1076
		0	0.0122	-0.0359
		0	-0.0118	-0.0279
		0	-0.0122	-0.1235
		0	0.004	-0.1235
		0	0.0003	-0.0757
		0	-0.0078	-0.1076
		0	-0.0114	-0.1076
		0	-0.0322	-0.1553
		0	0.0406	-0.0837
		0	0.0079	-0.0917
		0	0.0042	-0.0518
		0	0.0001	-0.1076
		0	0.0001	-0.1076
		0	0.0083	-0.0438
		0	0.0043	-0.0917
		0	-0.0281	-0.0757
		0	0.0243	0.004
		0	-0.0078	-0.0917
		0	-0.0118	-0.0359
		0	-0.0074	-0.0837
		0	0.0082	-0.0917
		0	0.0243	-0.0678
		0	0.0282	-0.0359
		0	0.0203	-0.0438
		0	-0.0074	-0.0837
		0	-0.0078	-0.1156
		0	0.0083	-0.1076
		0	-0.008	-0.0837
		0	0.0043	-0.1076
		0	-0.0078	-0.0917
		0	0.0001	-0.1474
		0	0.0001	-0.1076
		0	0.0124	-0.1076
		0	-0.0118	-0.1235
		0	0.0001	-0.0678


 element
wave