Mozilla/5.0 (Macintosh; Intel Mac OS X 10_9_5) AppleWebKit/537.36 (KHTML, like Gecko) Chrome/45.0.2454.93 Safari/537.36

 standard_deviation

 standard_deviation_mean
	0	-0.0017	-0.0956

 standard_deviation
	0	0.0002	0.0015

 slope_aggression
	0	0.0166	0.04

 sum
	0	0.9533	7.6299

 raw
		0	-0.024	-0.1474
		0	-0.024	-0.1315
		0	0.008	-0.0917
		0	-0.0036	-0.0438
		0	0.0039	-0.1076
		0	-0.0114	-0.1235
		0	-0.0041	-0.1315
		0	0.004	-0.0837
		0	0.0041	-0.0757
		0	-0.0001	-0.0917
		0	-0.0196	-0.0837
		0	0.0202	-0.0678
		0	-0.012	-0.0678
		0	-0.0044	-0.1076
		0	-0.0205	-0.0837
		0	0.0202	-0.0678
		0	0.0001	-0.1632
		0	-0.0116	-0.1235
		0	-0.0114	-0.0757
		0	-0.0395	-0.2107
		0	-0.0124	-0.1156
		0	-0.016	-0.0917
		0	0.0364	-0.0279
		0	-0.0034	-0.0678
		0	-0.012	-0.1156
		0	0.0082	-0.0678
		0	0.0084	-0.0678
		0	0.016	-0.0518
		0	-0.0116	-0.1076
		0	-0.0001	-0.1076
		0	0.0284	-0.0359
		0	-0.0039	-0.0438
		0	-0.0116	-0.1315
		0	-0.0193	-0.1315
		0	0.0079	-0.0678
		0	0.0079	-0.0837
		0	-0.0202	-0.187
		0	-0.0315	-0.1474
		0	0.004	-0.1076
		0	0.004	-0.1235
		0	-0.0315	-0.1553
		0	-0.0039	-0.0837
		0	0.0001	-0.0757
		0	-0.0116	-0.1076
		0	-0.0043	-0.1474
		0	0.0001	-0.1076
		0	-0.0156	-0.1156
		0	-0.0041	-0.0917
		0	0.0005	-0.0757
		0	0.0161	-0.0518
		0	0.0041	-0.0757
		0	0.0162	-0.0279
		0	-0.0196	-0.0917
		0	0.016	-0.1076
		0	0.004	-0.1315
		0	0.0242	-0.0438
		0	0.008	-0.0359
		0	0.0162	-0.0757
		0	-0.0202	-0.2028
		0	0.0076	-0.0518
		0	-0.0039	-0.1076
		0	-0.012	-0.0837
		0	-0.0162	-0.1076
		0	0.016	-0.0678
		0	0.0241	-0.0757
		0	0.0161	-0.0757
		0	-0.0001	-0.0917
		0	-0.0001	-0.0438
		0	0.0041	-0.0279
		0	0.0001	-0.0917
		0	0.0082	-0.1076
		0	0.0037	-0.0678
		0	0.016	-0.0757
		0	-0.012	-0.0917
		0	-0.0039	-0.1553
		0	-0.0355	-0.1632
		0	-0.0156	-0.1156
		0	0.0161	-0.0678
		0	-0.0036	-0.1553
		0	-0.0124	-0.0438
		0	0.0161	-0.1076


 element
wave