Mozilla/5.0 (iPhone; CPU iPhone OS 7_1_2 like Mac OS X) AppleWebKit/537.51.2 (KHTML, like Gecko) Version/7.0 Mobile/11D257 Safari/9537.53

 standard_deviation

 standard_deviation_mean
	0.0247	-0.0007	0.092

 standard_deviation
	0	0	0

 slope_aggression
	0.0005	0.0001	0.0003

 sum
	1.9773	0.0556	7.3654

 raw
		0	-0.0001	0.0933
		0	-0.0001	0.0933
		0	-0.0001	0.0933
		0	-0.0001	0.0933
		0	-0.0001	0.0933
		0	-0.0001	0.0933
		0	-0.0001	0.0933
		0	-0.0001	0.0933
		0	-0.0001	0.0933
		0	-0.0001	0.0933
		0.0333	0.0014	0.087
		0.0329	0.0003	0.0905
		0.0327	0.0001	0.0916
		0.0326	0.0002	0.0924
		0.0321	0.0004	0.0926
		0.0318	0.0002	0.093
		0.0312	-0.0001	0.0929
		0.031	-0.0002	0.093
		0.0303	-0.0001	0.0928
		0.0302	-0.0002	0.0928
		0.0303	-0.0001	0.0929
		0.03	-0.0002	0.093
		0.03	-0.0002	0.093
		0.0296	-0.0001	0.0937
		0.0295	0	0.0939
		0.0294	0	0.094
		0.029	0	0.0938
		0.0289	0	0.0938
		0.0289	-0.0001	0.0937
		0.0288	0	0.0936
		0.0288	-0.0003	0.0936
		0.0288	-0.0003	0.0937
		0.0288	-0.0003	0.0938
		0.0287	-0.0002	0.0936
		0.0286	-0.0003	0.0935
		0.0284	-0.0002	0.0935
		0.0283	-0.0002	0.0936
		0.0279	-0.0002	0.0939
		0.0278	-0.0001	0.0944
		0.0275	-0.0001	0.0944
		0.0275	-0.0004	0.0938
		0.0274	-0.0003	0.0938
		0.0273	-0.0005	0.0936
		0.0271	-0.0006	0.0936
		0.0271	-0.0004	0.0935
		0.027	-0.0001	0.0933
		0.027	-0.0001	0.0936
		0.0271	0	0.0936
		0.0272	-0.0003	0.0939
		0.0273	-0.0003	0.0941
		0.0271	-0.0008	0.0932
		0.0269	-0.0009	0.0923
		0.0268	-0.0014	0.0911
		0.0267	-0.0014	0.0906
		0.0267	-0.0015	0.0906
		0.0265	-0.0017	0.0903
		0.0263	-0.0017	0.09
		0.0266	-0.0016	0.0899
		0.0266	-0.0016	0.0899
		0.0268	-0.0018	0.0899
		0.0268	-0.0017	0.0898
		0.0268	-0.0017	0.0897
		0.0268	-0.0014	0.0892
		0.0268	-0.0016	0.0892
		0.0269	-0.0015	0.0896
		0.027	-0.0016	0.0898
		0.0269	-0.0017	0.0897
		0.0269	-0.0017	0.0896
		0.0269	-0.0017	0.0896
		0.027	-0.0019	0.0898
		0.0271	-0.0018	0.0898
		0.0271	-0.0017	0.0897
		0.0272	-0.0017	0.0896
		0.0272	-0.0019	0.0897
		0.0272	-0.0019	0.0897
		0.027	-0.0019	0.0893
		0.027	-0.0018	0.0896
		0.0268	-0.0016	0.0893
		0.0268	-0.0016	0.0896
		0.0266	-0.0016	0.0896
		0.0265	-0.0015	0.09


 element
celluar