Mozilla/5.0 (Linux; Android 5.1; XT1034 Build/LPB23.13-57) AppleWebKit/537.36 (KHTML, like Gecko) Chrome/45.0.2454.94 Mobile Safari/537.36

 standard_deviation

 standard_deviation_mean
	-0.0043	0.0075	-0.0281

 standard_deviation
	0.0001	0	0.0001

 slope_aggression
	0.0149	0.0077	0.0124

 sum
	0.9178	0.6708	2.2603

 raw
		-0.0083	0.0097	-0.0453
		0.0138	0.011	-0.0209
		-0.0149	0.0048	-0.0458
		0.0064	0.0047	-0.02
		-0.0183	0.0024	-0.0461
		-0.0097	0.0084	-0.045
		0.0117	0.0123	-0.0376
		0.0048	0.0171	-0.0125
		-0.0222	-0.0001	-0.0285
		-0.0102	0.0012	-0.0287
		0.0019	0.0085	-0.0205
		-0.0068	0.0072	-0.0285
		-0.0099	0.0074	-0.0209
		-0.0182	0.0133	-0.0371
		0.0047	0.0144	-0.0285
		0.0035	0.0123	-0.0376
		0.0056	0.0219	-0.0373
		-0.005	0.0025	-0.0125
		-0.0059	0.0121	-0.0205
		-0.0124	0.016	-0.021
		-0.0193	0.0047	-0.02
		-0.0193	0.0023	-0.0283
		-0.0042	0.0136	-0.0378
		-0.0097	0.0133	-0.0371
		-0.0118	0.0073	-0.0291
		-0.002	0.0157	-0.0368
		-0.0031	0.0097	-0.0289
		-0.0282	-0.0013	-0.0289
		0.0067	0.0049	-0.0042
		0.0267	0.0123	-0.0128
		0.0139	0.0083	-0.0281
		0.0041	0.0134	-0.0289
		-0.0171	-0.0001	-0.0204
		0.0108	0.0134	-0.0125
		-0.0118	0.0037	-0.0291
		-0.0017	0.0123	-0.0293
		-0.0137	0.0023	-0.0364
		0.0108	0.0134	-0.0125
		0.015	0.01	0.0037
		-0.0116	0.0145	-0.0537
		-0.0169	-0.011	-0.0122
		-0.0161	0.0123	-0.0376
		-0.0015	0.0012	-0.0124
		0.0098	0.0157	-0.0287
		0.0012	0.0061	-0.0289
		-0.0344	-0.0063	-0.045
		-0.0075	0.0121	-0.0368
		0.0131	0.0098	-0.0207
		0.0099	0.0074	-0.0209
		-0.0077	0.012	-0.045
		0.0199	0.0123	-0.0293
		0.0015	-0.0013	-0.0289
		0.0042	0.0121	-0.0287
		-0.0189	-0.0025	-0.0368
		0.0086	0.0147	-0.0291
		0.0135	0.016	-0.021
		-0.0317	0.0012	-0.0205
		0.0017	0.0096	-0.0121
		-0.01	0.011	-0.0373
		-0.0121	0.0048	-0.0368
		-0.0222	-0.0013	-0.0364
		-0.0076	0.0048	-0.0287
		-0.0193	0.0145	-0.0619
		-0.0008	0.0023	-0.0283
		0.0098	0.0048	-0.0205
		0.0066	0.0085	-0.0205
		-0.035	0.0011	-0.045
		-0.0121	0.0024	-0.0289
		-0.0133	0.0146	-0.0373
		-0.0125	0.0085	-0.0205
		-0.0463	-0.0098	-0.0362
		0.0104	0.011	-0.0209
		-0.0181	-0.0013	-0.0371
		0	0.006	-0.0202
		0.0089	0.0025	-0.0043
		0.0016	0.0061	-0.0207
		0.0057	0.0097	-0.0289
		-0.0004	0.0048	-0.0287
		0.0001	0.0048	-0.0368
		0.0122	0.006	-0.0202
		0.0126	0.0121	-0.0205


 element
wave