Mozilla/5.0 (Linux; Android 5.0.2; XT1034 Build/LXB22.46-32) AppleWebKit/537.36 (KHTML, like Gecko) Chrome/45.0.2454.94 Mobile Safari/537.36

 standard_deviation

 standard_deviation_mean
	-0.0297	-0.0032	-0.018

 standard_deviation
	0.0001	0	0.0001

 slope_aggresion
	0.0125	0.0075	0.0154

 sum
	4.7601	0.9041	3.0489

 raw
		0.0136	0.008	0.0079
		-0.0329	-0.0114	-0.0156
		-0.0268	-0.0074	-0.0157
		0.0047	-0.0074	0.0238
		-0.0343	-0.0114	-0.0156
		-0.0403	0.0038	-0.0232
		-0.0511	-0.0074	-0.0315
		-0.0372	-0.0035	-0.0315
		-0.0232	-0.0035	-0.0156
		-0.0387	-0.0115	-0.0312
		-0.0498	0.0003	-0.0548
		-0.0244	-0.0035	-0.0236
		-0.0266	0.0043	-0.0235
		-0.0311	-0.0115	-0.0078
		-0.0242	0.0041	-0.0156
		-0.037	-0.0075	-0.0235
		-0.0384	0.004	-0.0389
		-0.0401	-0.0037	-0.039
		-0.0237	-0.0037	0
		-0.0413	-0.0154	-0.0156
		-0.0298	-0.0036	-0.0078
		-0.0052	0.0085	0.0081
		-0.0384	-0.0075	-0.0314
		-0.0132	0.0042	0.0001
		-0.035	-0.0115	-0.0234
		-0.0263	0.0044	-0.0157
		-0.0301	0.0042	-0.0156
		-0.0311	0.0084	-0.0236
		-0.0161	-0.0035	-0.0078
		-0.0318	-0.0115	-0.0156
		-0.0339	-0.0037	-0.0234
		-0.0163	0.0042	-0.0078
		-0.0278	0.008	-0.0078
		-0.0206	0	0
		-0.0356	-0.0114	-0.0315
		-0.0179	-0.0038	-0.0078
		-0.0267	0.0119	-0.0078
		-0.0347	-0.0036	-0.0078
		-0.0429	-0.0078	-0.0309
		-0.0329	-0.0038	-0.0233
		-0.0333	0.0002	-0.0156
		-0.0475	-0.0193	-0.0157
		-0.0365	0.0005	-0.0157
		-0.0346	0.0003	-0.0235
		-0.0445	-0.0038	-0.031
		-0.0415	-0.0001	-0.0232
		-0.033	0.0042	-0.0156
		-0.0395	0.0003	-0.0313
		-0.0241	-0.0036	-0.0156
		-0.0189	0.004	-0.0233
		-0.0192	-0.0115	-0.0156
		-0.0395	-0.0073	-0.0236
		-0.0458	-0.0076	-0.0312
		-0.0257	-0.0034	0.0002
		-0.0456	-0.0114	-0.0235
		-0.0335	-0.0114	0.0001
		-0.0336	-0.0076	-0.0234
		-0.0237	0	-0.0078
		-0.0197	0.0038	-0.0078
		-0.029	-0.0154	-0.0156
		-0.0496	-0.0075	-0.0393
		-0.043	-0.0039	-0.0309
		-0.0349	-0.0075	-0.0156
		-0.0346	0.0042	-0.0313
		-0.0451	-0.0076	-0.0234
		-0.0437	0.0004	-0.0314
		-0.0215	0	-0.0078
		-0.043	0.0002	-0.039
		-0.0278	-0.0075	-0.0078
		-0.0385	-0.0076	-0.0234
		-0.0161	-0.0036	-0.0078
		-0.0293	-0.0038	-0.0233
		-0.038	0.0003	-0.0156
		-0.0327	0.0041	-0.0234
		-0.0304	-0.0114	-0.0156
		-0.0435	-0.0035	-0.0393
		-0.017	-0.0075	0.0079
		-0.0194	-0.0038	0
		-0.02	0.0002	-0.0156
		-0.0403	-0.0193	-0.0312
		-0.016	-0.0076	-0.0078
		-0.0163	-0.0038	-0.0155
		-0.0173	-0.0036	-0.0235
		-0.0116	-0.0038	-0.0078
		-0.029	0.0004	-0.0235
		-0.0323	-0.0036	-0.0078
		-0.0117	-0.0115	0.0078
		-0.0385	0.004	-0.0389
		-0.0392	-0.0076	-0.0311
		-0.0319	-0.0115	-0.0156
		-0.0392	0.0002	-0.0234
		-0.0371	-0.0037	-0.0234
		-0.0216	-0.0075	-0.0078
		-0.0258	0.0001	-0.0156
		-0.0501	0.0043	-0.0471
		-0.0362	-0.0035	-0.0236
		-0.029	-0.0036	0.0001
		-0.0471	-0.004	-0.0385
		-0.0189	0.0044	-0.0157
		-0.0146	-0.0074	-0.0078
		-0.0398	-0.0076	-0.0233
		-0.0495	-0.0116	-0.031
		-0.0386	-0.0073	-0.0236
		-0.032	0	-0.031
		-0.0288	-0.0076	-0.0156
		-0.0319	0.0001	-0.0156
		-0.0368	-0.0034	-0.0157
		-0.0322	0.0001	-0.0156
		-0.0422	-0.0037	-0.0312
		-0.0438	-0.0193	-0.0078
		-0.0494	-0.0037	-0.0234
		-0.0097	0.0117	0
		-0.0216	-0.0075	-0.0078
		-0.0273	-0.0075	-0.0156
		-0.0333	0.0043	-0.0235
		-0.0509	-0.0116	-0.031
		-0.0095	-0.0036	0.0158
		-0.018	0.0047	0.0002
		-0.0412	-0.0076	-0.0312
		-0.0295	0	-0.0155
		-0.0339	-0.0035	-0.0235
		-0.0207	0	-0.0155
		-0.0102	-0.0076	0.0078
		-0.0274	0.0006	-0.0236
		-0.0016	0.0083	0.0001
		-0.0271	-0.0039	-0.0155
		-0.0086	0.0004	0.008
		-0.0398	-0.0114	-0.0235
		-0.0489	-0.0038	-0.0388
		-0.0262	0.0043	-0.0078
		-0.0406	0.0046	-0.0316
		-0.0158	-0.0075	0.0001
		-0.0155	0.0041	0
		-0.032	-0.0038	-0.0233
		-0.0459	0.0001	-0.0389
		-0.0507	-0.0076	-0.0311
		-0.0229	-0.0076	0
		-0.0193	0.0082	-0.0078
		-0.026	-0.0034	-0.0236
		-0.0313	0.0004	-0.0314
		-0.0238	-0.0001	-0.0232
		0.005	0.0083	0.008
		-0.0076	0.0001	-0.0156
		-0.0186	0.0006	-0.0316
		-0.002	-0.0037	-0.0078
		-0.0152	-0.0038	-0.0078
		-0.0433	0.0004	-0.0314
		-0.0286	-0.0114	-0.0078
		-0.0526	-0.0075	-0.0471
		-0.0253	-0.0035	-0.0236
		-0.0243	-0.0193	-0.0156
		-0.0223	-0.0035	-0.0236
		-0.0144	-0.0035	-0.0156
		-0.0287	0.0083	-0.0314
		-0.0219	-0.0076	-0.0156
		-0.0188	-0.0036	-0.0078
		-0.0117	0.0079	-0.0078
		-0.0247	0.0082	-0.0235
		-0.0296	0.0041	-0.0234
		-0.0534	-0.0114	-0.0393
		-0.0531	-0.0153	-0.0316


 element
wave