Mozilla/5.0 (Macintosh; Intel Mac OS X 10_9_5) AppleWebKit/537.36 (KHTML, like Gecko) Chrome/45.0.2454.93 Safari/537.36

 standard_deviation

 standard_deviation_mean
	0	0.0057	-0.113

 standard_deviation
	0	0.0002	0.0012

 slope_aggresion
	0	0.0177	0.0427

 sum
	0	2.1001	18.0562

 raw
		0	-0.0032	-0.1116
		0	-0.0075	-0.1512
		0	0.008	-0.0797
		0	-0.0087	-0.1116
		0	0.0158	-0.0638
		0	0.0164	-0.0956
		0	-0.0041	-0.1433
		0	0.0085	-0.0956
		0	-0.0072	-0.1195
		0	0.0005	-0.1116
		0	-0.0046	-0.1195
		0	0.0164	-0.1116
		0	0.0156	-0.1433
		0	0.0118	-0.0797
		0	-0.0081	-0.1433
		0	-0.0041	-0.0956
		0	0.008	-0.0638
		0	0.0077	-0.1036
		0	0.0318	-0.0797
		0	0.0398	-0.1354
		0	0.0196	-0.0399
		0	-0.0001	-0.1195
		0	0.0005	-0.1195
		0	0.008	-0.0718
		0	0.0118	-0.1195
		0	0.0008	-0.1354
		0	-0.0035	-0.1433
		0	-0.0046	-0.1036
		0	-0.0041	-0.1433
		0	0.008	-0.1116
		0	0.0087	-0.1116
		0	-0.0081	-0.1433
		0	0.008	-0.0718
		0	0.0115	-0.1116
		0	0.0158	-0.1512
		0	-0.0072	-0.1986
		0	0.0158	-0.1354
		0	0.0127	-0.1116
		0	0.0154	-0.0718
		0	0.0156	-0.1512
		0	-0.0003	-0.1036
		0	0.016	-0.0797
		0	0.0075	-0.1433
		0	-0.0081	-0.0399
		0	0.0158	-0.0956
		0	0.008	-0.1116
		0	-0.0121	-0.1036
		0	0.0278	-0.0956
		0	0.0115	-0.0956
		0	0.0318	-0.0558
		0	0.012	-0.0797
		0	0.032	-0.1433
		0	-0.0124	-0.1592
		0	0.0067	-0.0956
		0	-0.0001	-0.1036
		0	-0.0041	-0.1512
		0	-0.0087	-0.1433
		0	-0.023	-0.0797
		0	0.0279	-0.0718
		0	-0.0081	-0.1195
		0	0.0077	-0.1512
		0	-0.0072	-0.1195
		0	0.0196	-0.0797
		0	0.0077	-0.1354
		0	0.0158	-0.0956
		0	0.0118	-0.1354
		0	0.0198	-0.1116
		0	-0.0127	-0.1592
		0	0.0118	-0.1116
		0	-0.0075	-0.2301
		0	0.0481	-0.016
		0	-0.023	-0.1433
		0	0.0124	-0.1116
		0	0.0156	-0.0956
		0	-0.0201	-0.0956
		0	-0.0035	-0.1354
		0	0.0158	-0.0797
		0	-0.0131	-0.1116
		0	0.0325	-0.0319
		0	0.0077	-0.1354
		0	-0.0003	-0.1116
		0	-0.0001	-0.1195
		0	0.0279	-0.0638
		0	0.008	-0.1116
		0	-0.0201	-0.1433
		0	-0.0201	-0.1116
		0	-0.0081	-0.0956
		0	0.0085	-0.0399
		0	0.0124	-0.1036
		0	-0.0114	-0.1195
		0	-0.0006	-0.0718
		0	0.0196	-0.1195
		0	0.0158	-0.1116
		0	0.0364	-0.0797
		0	-0.0114	-0.1354
		0	0.0154	-0.0718
		0	-0.0204	-0.1512
		0	0.0077	-0.1116
		0	-0.0127	-0.1592
		0	0.0115	-0.1354
		0	0.0077	-0.0797
		0	-0.0081	-0.1036
		0	0.0279	-0.0797
		0	0.0147	-0.0718
		0	-0.0044	-0.1354
		0	-0.0084	-0.1512
		0	0.0164	-0.0956
		0	-0.0001	-0.1195
		0	0.0206	-0.0718
		0	0.0521	-0.1116
		0	0.0318	-0.1433
		0	0.0118	-0.1036
		0	-0.0001	-0.0797
		0	-0.0084	-0.1592
		0	-0.0111	-0.1354
		0	0.0321	-0.1195
		0	-0.023	-0.175
		0	0.0158	-0.1116
		0	0.0087	-0.1354
		0	-0.019	-0.1592
		0	-0.0044	-0.1116
		0	-0.0001	-0.1354
		0	0.0118	-0.1116
		0	-0.0084	-0.1116
		0	0.0115	-0.0638
		0	0.0005	-0.1195
		0	0.0113	-0.0718
		0	-0.0075	-0.0638
		0	0.0127	-0.1354
		0	0.0118	-0.1354
		0	0.0118	-0.175
		0	-0.0204	-0.175
		0	0.032	-0.0638
		0	0.0085	-0.1592
		0	-0.0046	-0.1036
		0	-0.0084	-0.1195
		0	0.016	-0.1195
		0	0.0276	-0.0956
		0	-0.0081	-0.1354
		0	-0.0001	-0.1433
		0	0.0318	-0.1036
		0	0.012	-0.0718
		0	0.0149	-0.0797
		0	0.0124	-0.1116
		0	-0.0194	-0.1986
		0	0.019	-0.0638
		0	-0.0044	-0.1354
		0	0.0115	-0.1116
		0	0.0314	-0.016
		0	-0.0044	-0.1195
		0	-0.0072	-0.1592
		0	-0.0114	-0.1354
		0	-0.0081	-0.1512
		0	-0.0321	-0.1354
		0	0.0115	-0.1036
		0	-0.0044	-0.1592
		0	-0.0084	-0.1195
		0	0.0359	-0.0638
		0	0.0156	-0.1829
		0	0.0005	-0.1036
		0	-0.0006	-0.1354


 element
wave