Mozilla/5.0 (Macintosh; Intel Mac OS X 10_9_5) AppleWebKit/537.36 (KHTML, like Gecko) Chrome/45.0.2454.99 Safari/537.36

 standard_deviation

 standard_deviation_mean
	0	0.0061	-0.0911

 standard_deviation
	0	0.0001	0.0006

 slope_aggression
	0	0.0135	0.0268

 sum
	0	0.8666	7.2892

 raw
		0	0.0235	-0.1195
		0	0.0073	-0.0957
		0	0.0194	-0.0638
		0	0.0313	-0.0638
		0	-0.0001	-0.0638
		0	-0.001	-0.0797
		0	0.0119	-0.0797
		0	0.0073	-0.0638
		0	-0.0088	-0.0877
		0	0.0042	-0.0797
		0	0.0196	-0.0478
		0	-0.0005	-0.0399
		0	-0.0286	-0.1354
		0	0.0115	-0.0478
		0	0.0075	-0.1036
		0	0.0233	-0.0877
		0	0.0073	-0.0797
		0	0.0042	-0.0877
		0	0.0073	-0.0877
		0	0.0113	-0.0877
		0	0.0035	-0.1275
		0	0.003	-0.1275
		0	0.0073	-0.0797
		0	-0.0005	-0.0957
		0	0.0105	-0.1195
		0	0.0079	-0.0877
		0	0.0194	-0.0957
		0	0.0071	-0.0638
		0	0.0079	-0.0877
		0	0.0121	-0.0877
		0	-0.0086	-0.1434
		0	0.0111	-0.0558
		0	0.0039	-0.0797
		0	0.0113	-0.1275
		0	0.0233	-0.0638
		0	0.0115	-0.0638
		0	0.0081	-0.1195
		0	0.0111	-0.0638
		0	0.0235	-0.0877
		0	-0.001	-0.1275
		0	-0.0126	-0.1036
		0	0.0073	-0.0797
		0	0.0033	-0.0957
		0	0.0113	-0.1275
		0	-0.0008	-0.0957
		0	0.0194	-0.1195
		0	-0.0008	-0.1195
		0	0.0115	-0.1195
		0	0.0039	-0.0957
		0	-0.0212	-0.1195
		0	0.0194	-0.0558
		0	0.0276	-0.0478
		0	-0.0005	-0.0877
		0	-0.0132	-0.0957
		0	-0.0086	-0.0797
		0	-0.0129	-0.0957
		0	0.0073	-0.1195
		0	0.0192	-0.0478
		0	-0.0132	-0.1195
		0	0.0075	-0.0797
		0	-0.0129	-0.1275
		0	-0.0008	-0.0957
		0	0.0235	-0.0957
		0	-0.0129	-0.1036
		0	0.0109	-0.0957
		0	0.0192	-0.0797
		0	0.0071	-0.0797
		0	0.0079	-0.1195
		0	0.0071	-0.1592
		0	-0.0086	-0.1354
		0	0.0028	-0.0558
		0	0.0196	-0.0797
		0	-0.0129	-0.0797
		0	0.0075	-0.0877
		0	0.0187	-0.0638
		0	0.0073	-0.1036
		0	-0.0086	-0.1036
		0	0.0113	-0.0478
		0	0.0079	-0.0797
		0	0.0073	-0.0877
		0	0.0115	-0.0877


 element
wave