Mozilla/5.0 (Macintosh; Intel Mac OS X 10_9_5) AppleWebKit/537.36 (KHTML, like Gecko) Chrome/45.0.2454.93 Safari/537.36

 standard_deviation

 standard_deviation_mean
	0	-0.0088	-0.0776

 standard_deviation
	0	0.0002	0.0014

 slope_aggresion
	0	0.0149	0.0432

 sum
	0	1.1159	6.2687

 raw
		0	0.0162	-0.0318
		0	0.0123	-0.0318
		0	0.0081	-0.0638
		0	-0.0076	-0.0638
		0	-0.0284	-0.0638
		0	-0.0282	-0.0797
		0	-0.02	-0.1196
		0	0.0002	-0.0159
		0	-0.0196	-0.1036
		0	0.0005	-0.0558
		0	-0.032	-0.1434
		0	0.0203	-0.0159
		0	-0.0079	-0.0797
		0	-0.0119	-0.0957
		0	-0.004	-0.0797
		0	0.0163	-0.0558
		0	-0.0076	-0.0717
		0	-0.0121	-0.0797
		0	-0.0079	-0.0717
		0	-0.004	-0.0638
		0	-0.0042	-0.0638
		0	-0.0114	-0.0159
		0	-0.008	-0.0717
		0	0.0121	-0.0957
		0	-0.0471	-0.0239
		0	-0.024	-0.0957
		0	-0.0036	-0.0638
		0	-0.024	-0.0638
		0	-0.02	-0.1196
		0	-0.004	-0.1355
		0	-0.0076	-0.0797
		0	-0.02	-0.1514
		0	0.0203	0.0001
		0	0.0121	-0.0318
		0	-0.0116	-0.0797
		0	-0.0124	-0.0558
		0	-0.0116	-0.1355
		0	-0.0082	-0.0797
		0	-0.0205	-0.0318
		0	-0.02	-0.0558
		0	0.0001	-0.0558
		0	-0.0194	-0.1116
		0	0.0002	-0.0957
		0	-0.02	-0.1036
		0	0.0001	0.0001
		0	0.0002	-0.0717
		0	0.0082	-0.0717
		0	0.0121	-0.0957
		0	0.0202	-0.0558
		0	-0.02	0.0001
		0	-0.032	-0.1036
		0	-0.0282	-0.1196
		0	-0.0236	-0.0398
		0	-0.0001	-0.1036
		0	0.0162	-0.1116
		0	0.0081	-0.1514
		0	-0.0196	-0.0398
		0	-0.0122	-0.1036
		0	-0.0082	-0.1196
		0	-0.02	-0.1116
		0	-0.0001	-0.0797
		0	0.0121	-0.0318
		0	-0.0201	-0.1752
		0	-0.0196	-0.1036
		0	-0.0275	-0.0638
		0	-0.008	-0.0638
		0	-0.0079	-0.0638
		0	-0.0392	-0.1036
		0	-0.0313	-0.0558
		0	-0.0038	-0.0957
		0	-0.02	-0.0957
		0	0.0005	-0.0957
		0	-0.0079	-0.0717
		0	-0.004	-0.0318
		0	-0.044	-0.1355
		0	-0.0079	-0.0957
		0	-0.0001	-0.0638
		0	0.008	-0.0957
		0	0.0121	-0.1036
		0	-0.0079	-0.1434
		0	-0.024	-0.0159


 element
wave