Mozilla/5.0 (Linux; Android 5.0.2; XT1034 Build/LXB22.46-32) AppleWebKit/537.36 (KHTML, like Gecko) Chrome/45.0.2454.94 Mobile Safari/537.36

 standard_deviation

 standard_deviation_mean
	-0.203	0.0149	0.2295

 standard_deviation
	0.0403	0.0023	0.4122

 slope_aggresion
	0.0318	0.0141	0.0476

 sum
	18.2271	2.7939	47.0959

 raw
		0	-0.0001	-0.046
		-0.0131	0.0234	-0.0697
		0.0006	0.0083	-0.0393
		0.0137	0.0117	-0.0003
		0.0495	-0.0191	0.0841
		0.0217	0.0115	0.0229
		0.0044	0.0233	-0.0203
		-0.6002	-0.0161	0.1133
		-0.53	-0.0421	0.2876
		-0.5185	-0.008	0.2858
		-0.5844	-0.0173	0.2443
		-0.6429	-0.0084	0.136
		-0.5868	0.0126	0.1928
		-0.5697	-0.0175	0.2513
		-0.5134	0.0288	0.3311
		-0.4946	-0.0038	0.4184
		-0.4816	-0.0107	0.4526
		-0.4762	-0.0111	0.4976
		-0.4593	-0.0182	0.5524
		-0.4246	-0.0108	0.653
		-0.4289	-0.0226	0.6875
		-0.4022	-0.0344	0.751
		-0.3684	-0.0152	0.8089
		-0.3761	-0.0347	0.8342
		-0.3501	-0.0382	0.8668
		-0.3724	-0.031	0.8695
		-0.3481	-0.0267	0.899
		-0.328	-0.0189	0.9234
		-0.3098	-0.0267	0.9419
		-0.3004	-0.0228	0.9572
		-0.2803	-0.019	0.9718
		-0.2563	-0.0421	0.9872
		-0.2632	-0.0126	0.993
		-0.2772	-0.02	0.9971
		-0.2069	-0.0197	0.9986
		-0.1737	-0.0086	0.9899
		-0.2017	-0.0153	0.9889
		-0.1782	-0.0115	0.976
		-0.1822	-0.0084	0.9729
		-0.1801	0.005	0.9644
		-0.1105	0.0018	0.913
		-0.0768	0.0071	0.8797
		-0.0514	-0.0092	0.8437
		-0.0655	-0.0124	0.8163
		-0.0305	-0.0159	0.7801
		-0.0164	-0.02	0.7476
		-0.0067	-0.0156	0.7052
		-0.0062	-0.0193	0.6778
		0.0327	-0.0157	0.5861
		0.0119	0.0051	0.5707
		0.0233	-0.0089	0.5188
		0.017	-0.0156	0.514
		0.0072	-0.0347	0.4914
		0.0726	-0.0043	0.3515
		0.1141	0.0107	0.2553
		0.0916	0.0004	0.2683
		0.1102	-0.0148	0.2013
		0.1076	-0.019	0.1459
		0.107	-0.0041	0.0607
		0.1075	0	0.0229
		0.1136	-0.0225	-0.0305
		-0.1317	0.0917	-0.1302
		-0.1421	0.0996	-0.2069
		-0.1725	0.0994	-0.2959
		-0.1962	0.0688	-0.3978
		-0.2262	0.107	-0.5703
		-0.2124	0.0994	-0.5642
		-0.2126	0.1043	-0.6589
		-0.2071	0.0957	-0.7082
		-0.2097	0.0942	-0.7739
		-0.24	0.0855	-0.8447
		-0.2655	0.0842	-0.9053
		-0.2301	0.0654	-0.909
		-0.2303	0.0766	-0.9497
		-0.2353	0.0883	-0.9818
		-0.2427	0.1187	-0.9992
		-0.2452	0.1065	-0.9951
		-0.264	0.1067	-0.9642
		-0.2565	0.1041	-0.9222
		-0.2593	0.1059	-0.8577
		-0.2265	0.097	-0.8253


 element
wave