Mozilla/5.0 (Linux; Android 5.0.2; XT1034 Build/LXB22.46-32) AppleWebKit/537.36 (KHTML, like Gecko) Chrome/45.0.2454.94 Mobile Safari/537.36

 standard_deviation

 standard_deviation_mean
	-0.0176	0	-0.0101

 standard_deviation
	0.0001	0	0.0003

 slope_aggresion
	0.0141	0.0061	0.0181

 sum
	2.9224	0.73	2.2901

 raw
		0.0051	-0.004	-0.0001
		-0.0025	-0.0001	-0.0001
		-0.0898	0.0076	-0.1246
		-0.043	-0.012	-0.0312
		-0.0108	-0.0002	-0.0001
		-0.0357	-0.0002	-0.0313
		-0.0055	0.0077	0.0156
		-0.0226	-0.0079	-0.0001
		-0.0341	0.0038	-0.0236
		-0.0288	-0.0042	-0.0156
		-0.0106	-0.0001	-0.0001
		-0.0235	-0.0001	-0.0236
		-0.0106	-0.0002	-0.0079
		0.0079	0.0075	0.0233
		-0.0289	-0.0003	-0.0156
		-0.0211	-0.0001	-0.0079
		-0.0302	-0.0197	-0.0313
		-0.0155	-0.0119	-0.0079
		-0.0135	0.008	-0.0159
		-0.0172	-0.0001	-0.0236
		-0.0006	0.0113	-0.0001
		-0.004	0.0038	-0.0001
		-0.0047	-0.0005	-0.0077
		-0.0125	0.0076	-0.0157
		-0.0083	0.0039	0.0078
		-0.0124	-0.0002	-0.0001
		-0.0054	0.0041	-0.008
		-0.0001	-0.0042	-0.0078
		-0.0033	-0.008	-0.0079
		-0.011	-0.0041	-0.0157
		-0.0057	-0.0014	-0.0001
		-0.015	-0.0001	-0.0079
		-0.0303	-0.0042	-0.0156
		-0.0233	0.004	-0.0238
		-0.0145	0.0073	-0.0078
		-0.0209	-0.0042	-0.0156
		0.0091	0.0037	0.0078
		-0.0006	-0.012	-0.0001
		-0.032	-0.0039	-0.0317
		-0.039	-0.0001	-0.0393
		-0.0195	0.0076	-0.0157
		-0.0041	-0.004	0.0156
		-0.0395	-0.0041	-0.0313
		-0.0279	-0.0039	-0.0159
		0.0082	-0.0002	0.0156
		-0.0175	-0.0002	-0.0235
		-0.014	-0.0002	-0.0079
		-0.0275	-0.0042	-0.0156
		-0.0339	-0.012	-0.0156
		-0.0002	0.0038	0.0078
		-0.0229	0.0074	-0.0233
		0.0055	0.0077	0.0235
		-0.0151	0.0039	-0.0079
		-0.0094	0.0079	-0.008
		-0.0157	-0.0001	-0.0079
		-0.0072	0.0039	-0.0001
		-0.0137	0.0074	-0.0078
		-0.0255	0.004	-0.008
		-0.0327	-0.0041	-0.0157
		-0.0403	0.008	-0.0239
		-0.0243	-0.0003	-0.0156
		-0.0055	-0.0042	0.0232
		-0.0308	0.0036	-0.0234
		-0.0046	0.0076	-0.0001
		-0.0221	-0.0118	-0.008
		-0.0274	-0.0042	-0.0156
		-0.0126	-0.0041	-0.0079
		-0.0187	-0.0001	-0.0315
		0	0.0075	0.0077
		-0.0233	0.0001	-0.0239
		-0.0211	0.0038	-0.0157
		-0.0069	-0.0078	-0.0001
		-0.0244	-0.0041	-0.0235
		-0.0072	0.0038	-0.0001
		-0.0242	-0.0003	-0.0156
		-0.0031	0.0076	0.0078
		-0.0096	0.0038	-0.0001
		-0.0302	0.0073	-0.0309
		-0.0082	-0.0004	0.0077
		-0.0234	-0.0001	-0.0157
		-0.0175	-0.004	-0.0158
		-0.0288	-0.0043	-0.0154
		-0.0202	-0.0001	0.0078
		-0.031	-0.008	-0.0236
		-0.0254	-0.0079	-0.008
		-0.0205	0.0038	-0.0236
		-0.0118	-0.0043	-0.0155
		-0.0268	-0.008	-0.0157
		-0.0208	-0.004	-0.0079
		-0.0273	-0.0041	-0.0235
		-0.0163	0.0037	-0.0001
		-0.0171	-0.0004	0.0077
		-0.0069	0.0003	0.0159
		-0.0399	-0.0004	-0.0386
		-0.014	0.004	-0.008
		-0.0141	-0.0001	-0.0001
		-0.0161	-0.0001	-0.0001
		-0.0059	-0.0003	0.0077
		-0.0144	0.0076	-0.0157
		-0.0075	0.0077	-0.0079
		-0.0346	-0.0119	-0.0315
		-0.029	0.0076	-0.0235
		-0.0148	-0.0039	0.0079
		-0.0002	-0.0044	0.0153
		-0.0096	-0.0079	-0.0079
		-0.028	0.0037	-0.0235
		-0.0302	-0.0078	-0.0159
		-0.0163	0.0038	-0.0079
		-0.0201	0.0076	-0.0157
		-0.0209	-0.0004	-0.0155
		-0.0235	-0.008	-0.0157
		-0.0248	-0.0002	-0.0157
		-0.0096	0.0038	-0.0001
		-0.0151	0.0037	-0.0079
		-0.0253	0.0035	-0.0156
		-0.0161	0.0115	-0.0079
		0.0005	0.0113	0.0077
		-0.0091	-0.0042	0.0077
		0.0041	-0.0001	0.0078
		-0.0077	-0.0002	-0.0001
		-0.0281	-0.0042	-0.0234
		-0.0036	0.0035	-0.0001
		-0.0093	0.0037	-0.0079
		-0.012	-0.0041	-0.0079
		-0.0179	-0.0001	-0.0079
		0.0028	0.0036	0.0155
		-0.0325	0.0077	-0.0157
		-0.0383	0.0039	-0.0237
		-0.0309	-0.0081	-0.0234
		-0.0037	-0.0118	0.0079
		-0.0214	0.0038	-0.0236
		-0.0194	0.0039	-0.0158
		-0.0079	-0.0005	-0.0001
		-0.0122	-0.0001	-0.0079
		-0.0188	-0.0002	-0.0157
		-0.0125	-0.008	-0.0001
		-0.0297	0.0037	-0.0313
		-0.0246	-0.0002	-0.0157
		-0.0344	0.0073	-0.0309
		-0.0081	0.0075	0.0077
		-0.0147	-0.0001	0.0078
		-0.0193	-0.0118	-0.008
		-0.0269	-0.0001	-0.0236
		-0.0063	0.0038	-0.0001
		-0.0232	-0.012	-0.0156
		-0.0234	-0.008	-0.0236
		-0.0251	0.0037	-0.0079
		-0.0185	0.0115	-0.0001
		-0.0176	0.0076	-0.0157
		0.0015	0.0036	0.0077
		-0.0199	-0.0081	-0.0078
		-0.0081	-0.0041	-0.0001
		-0.0297	-0.0042	-0.0156
		-0.0318	-0.0004	-0.0155
		-0.0191	-0.0039	-0.008
		-0.0769	0.0037	-0.1014
		0.0076	0.0077	0.0156
		0.0016	-0.004	0.0157
		-0.0307	-0.004	-0.0237
		-0.0198	0.0037	-0.0079
		-0.0066	-0.0001	0.0078


 element
wave