Mozilla/5.0 (Linux; Android 5.1; XT1034 Build/LPB23.13-57) AppleWebKit/537.36 (KHTML, like Gecko) Chrome/45.0.2454.94 Mobile Safari/537.36

 standard_deviation

 standard_deviation_mean
	0.0216	0.0073	-0.0195

 standard_deviation
	0.0003	0	0.0001

 slope_aggression
	0.02	0.0086	0.0125

 sum
	1.9231	0.669	1.6166

 raw
		0	-0.0001	-0.0205
		0.0196	0.0049	-0.0124
		0.0102	0.0036	-0.0286
		-0.0097	-0.0026	-0.037
		0.0054	-0.0013	-0.0208
		0.0639	0.0334	-0.0229
		0.0465	0.0221	-0.0292
		0.0434	0.0048	-0.012
		0.0271	0.006	-0.0203
		0.0071	0.0097	-0.0372
		0.0268	0.0147	-0.021
		0.0249	0.0135	-0.0208
		0.0379	0.0111	-0.0127
		0.0047	0.0011	-0.0282
		0.0231	0.0073	-0.0205
		0.0159	0.0036	-0.0205
		0.0076	-0.0025	-0.0201
		0.0525	0.0146	-0.0123
		0.0331	0.0037	-0.0041
		0.0222	0.006	-0.0122
		0.0117	0.0173	-0.038
		-0.0203	-0.0001	-0.0368
		-0.0162	-0.0086	-0.0203
		0.0436	0.011	-0.0041
		0.0277	0.0109	-0.0205
		0.0272	0.0036	-0.0123
		0.0193	0.0049	-0.0206
		0.0358	0.0135	-0.0126
		0.0374	0.0086	-0.0124
		0.0419	0.0122	-0.0124
		0.034	0.0158	-0.0206
		0.0137	0.0012	-0.0124
		0.011	0.0121	-0.037
		0.0293	0.0036	-0.0123
		0.022	0.012	-0.0282
		-0.0007	-0.0013	-0.0208
		-0.0086	0.0036	-0.0368
		0.0609	0.0049	0.0204
		0.0333	0.0049	-0.0042
		0.0129	0.0061	-0.0208
		0.0285	0.0109	-0.0123
		0.0106	0.0109	-0.0286
		0.0381	0.0205	-0.0284
		0.022	0	-0.021
		0.0408	0.0145	-0.0286
		0.0268	0.0036	-0.0123
		0.0213	0.0111	-0.021
		0.0141	0	-0.0127
		0.0189	-0.0012	-0.004
		0.013	-0.0025	-0.012
		0.0281	0.0122	-0.0206
		-0.02	0.0011	-0.037
		0.0158	0.0085	-0.0206
		-0.0062	-0.0074	-0.0205
		0.0356	0.0049	-0.0042
		0.0382	0.0097	-0.0122
		0.0628	0.0172	-0.0043
		-0.0047	-0.0049	-0.0203
		0.0038	0.0048	-0.0282
		0.0296	0.0171	-0.029
		0.0164	0.0098	-0.029
		0.0367	0.0109	-0.0123
		0.01	0.023	-0.0534
		0.0419	-0.0024	0.0122
		0.0493	0.011	-0.0041
		0.0501	0.0218	-0.0123
		0.0207	0.0037	-0.0041
		0.0079	0.0109	-0.0368
		-0.0051	0.0097	-0.0454
		0.0306	0.0146	-0.0123
		-0.0027	-0.0013	-0.0208
		-0.0003	-0.0001	-0.028
		0.0463	0.0158	-0.0206
		0.0178	0.0085	-0.0288
		0.0455	0.0072	-0.0038
		-0.003	0.0012	-0.0288
		0.0222	0.0097	-0.0122
		0.011	0.0036	-0.0205
		0.0022	-0.0037	-0.02
		0.033	0.0122	-0.0206
		0.0256	0.0061	-0.0208


 element
wave