Mozilla/5.0 (Linux; Android 5.0.2; XT1034 Build/LXB22.46-32) AppleWebKit/537.36 (KHTML, like Gecko) Chrome/45.0.2454.94 Mobile Safari/537.36

 standard_deviation

 standard_deviation_mean
	88.7997	0.8496	-0.4918

 standard_deviation
	15835.8408	0.7006	2.6315

 slope_aggresion
	7.0267	0.6128	0.9944

 sum
	14280.6953	162.8374	158.4608

 raw
		15.308	1.3478	0.4493
		16.5555	0.8916	0
		17.3332	1.1144	-0.8917
		16.7308	1.1277	-0.2256
		15.7742	1.1232	0.4493
		15.8596	1.5724	0.2246
		14.3448	0.8951	0.4476
		13.7867	0.4476	0
		13.5244	0.8916	-0.4459
		11.3016	1.5724	0.2246
		9.0208	2.2274	1.5601
		11.3374	1.1321	0
		10.4068	1.3322	0
		7.6931	0.8949	1.3426
		5.475	0.666	1.3322
		6.8076	0.2238	0
		3.6225	1.1276	0.6766
		2.5027	1.3477	0.674
		1.7432	0.6766	0.4511
		1.5149	0	0
		359.8143	1.3478	0
		357.4487	0.4511	0.6766
		355.8767	0.2229	0.8916
		355.2571	0.222	0.222
		353.7796	0.8985	0.8986
		352.6557	0.6766	0.6766
		352.1283	0.4529	-0.453
		350.0842	0	0
		348.2426	0.2264	0
		347.009	1.1232	0.2246
		348.8758	-0.2229	-2.0057
		341.841	0.4422	1.5481
		345.0649	0	-0.4459
		342.8673	0.2229	-0.223
		339.8317	-0.2274	0.4547
		341.4807	0.6712	-1.119
		337.1725	0	0
		334.7491	0	0
		329.963	-0.4494	0.674
		330.9453	-0.4459	-0.6688
		327.386	0.4458	0
		325.5403	-1.3474	-1.5725
		320.2931	-0.2213	0
		320.5406	-0.6793	-1.1322
		317.3135	-0.4213	-0.2107
		317.1674	-0.4566	-0.4566
		317.9077	2.2274	1.5601
		312.9998	-1.3323	0
		329.493	-0.2219	-2.6631
		341.8043	-0.9114	-3.42
		357.9928	0	-2.93
		344.646	-0.6903	-0.6903
		5.5119	0.9054	-1.5849
		35.7129	-0.6733	-2.6943
		48.6033	-1.1181	-2.237
		42.9981	0.6764	-1.5787
		55.9831	-0.222	-1.9979
		59.9116	0.2245	-2.0214
		62.3403	0	-1.3532
		65.1372	-0.2221	-1.3323
		64.8884	0.6737	-1.5725
		66.6718	0.4526	-1.8112
		62.9398	1.1274	-1.3532
		63.3378	0.2264	-0.6794
		64.1694	-0.2246	-1.797
		57.4719	1.5718	-1.5725
		56.83	1.1015	-1.1018
		56.1975	0.902	-1.1278
		56.2745	0.8983	-1.5725
		56.3987	0.8979	-2.2458
		53.4006	1.1318	-1.3586
		51.9217	1.3581	-1.3586
		49.6961	1.5721	-1.1234
		49.5238	1.1274	-1.3532
		48.7654	0.8914	-1.3375
		48.1827	1.3525	-1.804
		46.1878	1.5596	-1.5602
		45.4908	0.6738	-1.3479
		44.0181	1.1272	-1.5787
		41.9518	1.3424	-0.8952
		40.5536	1.3476	-1.1234
		39.6858	1.3371	-1.1146
		39.4808	1.3476	-1.1234
		40.6992	1.1184	-1.5663
		39.7548	1.332	-0.8883
		47.9286	-1.8115	-4.9894
		47.3774	-1.805	-4.7449
		26.4554	2.5088	7.3231
		37.1474	4.3117	0.2273
		39.4373	1.8179	1.1366
		43.5151	0.222	-0.6662
		41.8724	0.6739	-0.6741
		19.5745	0	12.3653
		44.6243	1.5794	-4.7449
		33.3611	2.9403	1.5848
		39.9343	2.4713	-4.7264
		33.5353	2.028	-2.0294
		28.4894	1.5599	-1.1146
		24.9236	1.3584	-0.453
		23.7444	1.7964	-1.3479
		22.1548	1.5659	-1.119
		18.7329	1.776	0
		17.8233	1.1277	0
		19.522	1.132	-0.9058
		18.9333	1.4903	-1.0649
		17.5963	1.3425	-0.6715
		18.0565	0.895	-0.8952
		16.9244	2.0213	-0.4494
		16.0269	1.3531	0.4511
		17.2845	0.9057	-0.6794
		16.823	1.3477	-0.6741
		16.0851	0.4458	0
		17.9622	1.3424	-0.8952
		17.0138	0.6687	-0.223
		16.4806	1.5786	-0.2256
		16.6014	1.5541	-0.4442
		16.719	0.9022	-0.2256
		16.4204	0.6661	0.222
		16.9794	1.1101	-0.8883
		16.6223	1.1102	-0.4442
		17.0656	1.8038	-0.6767
		16.0037	1.327	-0.2213
		15.4002	1.3426	0
		15.6754	0.8882	-0.2221
		16.2569	0.674	-0.2247
		17.5542	0.6713	-0.8952
		16.9365	1.1188	-0.6715
		16.2743	1.3322	-0.2221
		16.1193	1.1145	-0.4459
		16.164	1.3478	-0.2247
		17.3083	0.8951	-0.6715
		17.4137	0.6766	-0.4512
		17.27	1.1365	-0.6821
		16.2787	1.1189	0
		16.7351	1.1102	0
		17.0799	0.4407	-0.4408
		17.6544	1.1058	-0.8849
		18.3749	1.3529	-1.1278
		15.5505	0.4458	0.2229
		16.0802	1.1189	-0.2239
		16.1465	0.674	-0.2247
		15.9576	1.5786	-0.2256
		16.9437	0.6687	-0.6688
		16.2601	0.8986	-0.2247
		15.9258	1.5601	-0.223
		16.9015	0.6713	-0.6715
		16.6069	1.7898	-0.4477
		16.9602	1.3322	-0.2221
		16.6232	1.3322	0.222
		16.9807	1.1233	0
		16.6692	1.1016	-0.2204
		17.2232	1.1365	-0.6821
		16.9589	0.2246	0
		16.7897	0.674	0
		17.532	1.8037	-0.9023
		17.5	1.5723	-0.4494
		16.6333	0.6766	0.2255
		16.7845	1.3584	-0.453
		16.233	1.1277	0
		17.6733	0.6792	-0.9058
		16.0662	1.3585	0


 element
wave