Mozilla/5.0 (Macintosh; Intel Mac OS X 10_9_5) AppleWebKit/537.36 (KHTML, like Gecko) Chrome/45.0.2454.99 Safari/537.36

 standard_deviation

 standard_deviation_mean
	0	-0.0089	-0.1074

 standard_deviation
	0	0.0001	0.0011

 slope_aggression
	0	0.0164	0.0368

 sum
	0	1.0234	8.5916

 raw
		0	-0.0043	-0.1155
		0	0.0079	-0.1473
		0	-0.0429	-0.1868
		0	-0.0084	-0.0917
		0	-0.0194	-0.1473
		0	-0.0035	-0.0996
		0	-0.0119	-0.1314
		0	-0.0199	-0.1076
		0	-0.0079	-0.1155
		0	-0.0074	-0.0996
		0	-0.0002	-0.1076
		0	-0.0039	-0.0359
		0	-0.0194	-0.1155
		0	-0.0389	-0.1314
		0	-0.0079	-0.0996
		0	-0.0041	-0.1076
		0	-0.0199	-0.1314
		0	-0.0039	-0.0996
		0	-0.0119	-0.0757
		0	-0.0205	-0.1076
		0	-0.0242	-0.1155
		0	-0.0119	-0.0917
		0	-0.0119	-0.1314
		0	-0.0274	-0.1473
		0	-0.0074	-0.1394
		0	-0.0199	-0.1314
		0	0.0202	-0.1076
		0	-0.0112	-0.1394
		0	0.008	-0.1473
		0	-0.0199	-0.1155
		0	-0.0001	-0.1155
		0	-0.0271	-0.1947
		0	-0.0045	-0.0996
		0	-0.0074	-0.0678
		0	-0.0231	-0.1394
		0	-0.0002	-0.0518
		0	-0.0199	-0.0917
		0	-0.0081	-0.1394
		0	0.016	-0.0518
		0	0.0005	-0.0996
		0	-0.0043	-0.1155
		0	-0.0081	-0.0917
		0	0.0119	-0.0678
		0	0.0001	-0.0917
		0	-0.0122	-0.0518
		0	-0.024	-0.0757
		0	0.0087	-0.0678
		0	-0.0001	-0.0518
		0	0.008	-0.0996
		0	-0.0001	-0.0757
		0	-0.0323	-0.1552
		0	-0.0202	-0.0996
		0	-0.0081	-0.0996
		0	-0.0199	-0.1473
		0	-0.0443	-0.171
		0	-0.0079	-0.1314
		0	0.0121	-0.0279
		0	-0.0043	-0.0996
		0	0.0079	-0.0917
		0	-0.0039	-0.1155
		0	-0.031	-0.1947
		0	0.0079	-0.0996
		0	-0.0045	-0.0917
		0	-0.0081	-0.0917
		0	-0.0079	-0.1155
		0	0.0005	-0.0757
		0	-0.0122	-0.0917
		0	0.0079	-0.1076
		0	-0.0205	-0.0996
		0	-0.0248	-0.1473
		0	-0.0483	-0.1789
		0	0.0199	-0.0518
		0	-0.0081	-0.1076
		0	0.0082	-0.0757
		0	-0.0074	-0.1314
		0	-0.0119	-0.0996
		0	-0.0079	-0.1155
		0	-0.005	-0.0678
		0	0.0119	-0.0598
		0	-0.0001	-0.0917
		0	-0.0072	-0.1076


 element
wave