Mozilla/5.0 (Macintosh; Intel Mac OS X 10_9_5) AppleWebKit/537.36 (KHTML, like Gecko) Chrome/45.0.2454.99 Safari/537.36

 standard_deviation

 standard_deviation_mean
	0	-0.0013	-0.073

 standard_deviation
	0	0.0001	0.0012

 slope_aggression
	0	0.0135	0.0376

 sum
	0	0.777	5.967

 raw
		0	0.0038	-0.0837
		0	-0.0003	-0.0757
		0	-0.0156	-0.0678
		0	0.0038	-0.1076
		0	-0.0164	-0.0917
		0	-0.0156	-0.0678
		0	-0.0201	-0.0039
		0	0.012	-0.0678
		0	0.0038	-0.0837
		0	0.0038	-0.0518
		0	-0.0041	-0.0359
		0	0.012	-0.0518
		0	-0.0193	-0.1076
		0	-0.0041	-0.0917
		0	-0.0003	-0.0837
		0	-0.0081	-0.0678
		0	-0.021	-0.1156
		0	-0.0156	-0.0917
		0	0.0038	-0.0837
		0	-0.0003	-0.0279
		0	-0.0041	-0.0837
		0	0.0163	-0.0438
		0	-0.0034	-0.1076
		0	0.0044	-0.0678
		0	-0.0161	-0.1076
		0	-0.0036	-0.0917
		0	-0.0045	-0.0837
		0	0.0197	-0.0438
		0	-0.0083	-0.0837
		0	-0.0001	-0.0119
		0	-0.0081	-0.0837
		0	0.0238	-0.0757
		0	0.0119	-0.0678
		0	0.0038	-0.0757
		0	-0.0043	-0.0917
		0	0.0163	-0.0359
		0	0.0117	-0.0518
		0	-0.0167	-0.0837
		0	0.012	0.0359
		0	0.0036	-0.0678
		0	-0.0086	-0.1156
		0	-0.0036	-0.1235
		0	-0.0001	-0.0837
		0	-0.0041	-0.0757
		0	0.0036	0.012
		0	0.0117	-0.0518
		0	-0.0086	-0.0518
		0	-0.0204	-0.1156
		0	0.0119	-0.0678
		0	-0.0241	-0.0757
		0	-0.0076	-0.1235
		0	-0.0001	-0.0917
		0	-0.0005	0.0359
		0	-0.0401	-0.1712
		0	-0.0275	-0.1076
		0	-0.0081	-0.1076
		0	0.004	-0.1235
		0	-0.0201	-0.0917
		0	0.0036	-0.0678
		0	0.0159	-0.0438
		0	-0.0161	-0.0678
		0	0.0243	-0.0917
		0	-0.0005	-0.0678
		0	-0.0001	-0.0837
		0	-0.0041	-0.0757
		0	-0.0003	-0.1076
		0	-0.0041	-0.1076
		0	-0.0161	-0.0518
		0	0.004	-0.0678
		0	0.0239	0.004
		0	0.024	-0.0438
		0	0.0159	-0.0757
		0	0.004	-0.0518
		0	0.0036	-0.0518
		0	-0.0043	-0.0438
		0	0.0163	-0.0438
		0	0.004	-0.1553
		0	-0.0081	-0.0757
		0	-0.0043	-0.0438
		0	-0.0001	-0.0678
		0	0.0004	-0.1156


 element
wave