Mozilla/5.0 (Macintosh; Intel Mac OS X 10_9_5) AppleWebKit/537.36 (KHTML, like Gecko) Chrome/45.0.2454.93 Safari/537.36

 standard_deviation

 standard_deviation_mean
	0	0.0166	-0.0712

 standard_deviation
	0	0.0001	0.0008

 slope_aggression
	0	0.0144	0.0322

 sum
	0	1.3612	5.6858

 raw
		0	-0.0001	-0.1474
		0	0.0397	-0.0917
		0	-0.0001	-0.0917
		0	0.0196	-0.0518
		0	-0.0001	-0.0917
		0	0.0033	-0.0677
		0	-0.0005	-0.0518
		0	0.0073	-0.0917
		0	0.0276	-0.0278
		0	0.0396	-0.0917
		0	0.0193	-0.0598
		0	0.0277	-0.0917
		0	0.0033	-0.0677
		0	0.0079	-0.0677
		0	-0.0007	-0.1076
		0	0.0193	-0.0917
		0	0.0154	-0.0917
		0	0.0041	-0.1076
		0	0.0156	-0.0358
		0	0.0437	-0.0598
		0	0.0235	-0.0757
		0	0.0236	-0.0518
		0	0.0235	-0.0119
		0	0.0235	-0.0518
		0	0.0193	-0.0677
		0	0.0356	-0.0198
		0	0.0279	-0.0358
		0	0.0156	-0.1474
		0	0.0356	-0.0358
		0	-0.001	-0.0996
		0	0.0154	-0.0917
		0	0.0235	-0.0518
		0	0.0236	-0.0518
		0	0.0357	-0.0757
		0	0.0075	-0.0518
		0	0.0079	-0.0598
		0	-0.0005	-0.0518
		0	0.0075	-0.0677
		0	0.02	-0.0917
		0	0.0279	-0.0358
		0	0.0196	-0.0917
		0	0.0235	-0.0598
		0	0.0035	-0.1076
		0	0.0153	-0.0677
		0	-0.0005	-0.1156
		0	0.0073	-0.0358
		0	0.0478	-0.0518
		0	0.0075	-0.1076
		0	0.0356	-0.0278
		0	0.0154	-0.0358
		0	0.0199	-0.0358
		0	0.0033	-0.0996
		0	-0.0157	-0.0518
		0	0.0196	-0.0358
		0	-0.0001	-0.0119
		0	0.0277	-0.0358
		0	0.0277	-0.0917
		0	0.0002	-0.1315
		0	0.0196	-0.0757
		0	0.0073	-0.0757
		0	0.0196	-0.0917
		0	0.0192	-0.0598
		0	0.0195	-0.0757
		0	0.0236	-0.0996
		0	0.0195	-0.0677
		0	0.0159	-0.0677
		0	0.0151	-0.0358
		0	0.0079	-0.0677
		0	0.0396	-0.0518
		0	0.0236	-0.0917
		0	0.0039	-0.1076
		0	0.0396	-0.0757
		0	0.0236	-0.1076
		0	-0.005	-0.0917
		0	-0.0005	-0.1156
		0	0.0156	-0.0518
		0	-0.0007	-0.0757
		0	0.0079	-0.0677
		0	0.0195	-0.0518
		0	0.0274	-0.0757
		0	0.0356	-0.0757


 element
wave