Mozilla/5.0 (Macintosh; Intel Mac OS X 10_9_5) AppleWebKit/537.36 (KHTML, like Gecko) Chrome/45.0.2454.93 Safari/537.36

 standard_deviation

 standard_deviation_mean
	0	-0.0006	-0.0927

 standard_deviation
	0	0.0001	0.0007

 slope_aggression
	0	0.0134	0.0297

 sum
	0	0.7277	7.3848

 raw
		0	0.0203	-0.0199
		0	0.0045	-0.0917
		0	-0.0039	-0.0917
		0	-0.0041	-0.0917
		0	-0.0039	-0.0917
		0	0.0203	-0.1156
		0	0.0041	-0.0438
		0	-0.0039	-0.0996
		0	-0.0114	-0.0757
		0	-0.0201	-0.1553
		0	0.0001	-0.1156
		0	-0.0201	-0.1156
		0	0.0045	-0.0598
		0	0.0162	-0.0359
		0	-0.0154	-0.0917
		0	0.0001	-0.1156
		0	0.0005	-0.0917
		0	-0.0159	-0.1235
		0	0.0001	-0.1315
		0	0.0081	-0.0518
		0	0.008	-0.0996
		0	-0.0203	-0.1315
		0	0.0162	-0.0757
		0	0.0082	-0.0598
		0	0.0162	-0.0996
		0	-0.012	-0.1235
		0	-0.0038	-0.1553
		0	0.0203	-0.0996
		0	0.0203	-0.0837
		0	-0.0039	-0.0917
		0	0.0001	-0.0359
		0	0.0043	-0.0757
		0	0.0047	-0.0837
		0	-0.0124	-0.0917
		0	-0.0046	-0.0996
		0	-0.0114	-0.1235
		0	0.0203	-0.0917
		0	-0.0114	-0.0917
		0	0.0243	-0.0837
		0	0.0083	-0.0598
		0	-0.0038	-0.0996
		0	-0.0039	-0.0757
		0	0.0001	-0.1156
		0	-0.0039	-0.0917
		0	0.004	-0.0757
		0	0.0164	-0.0598
		0	0.0041	-0.1156
		0	0.0001	-0.1156
		0	-0.0033	-0.0917
		0	0.0041	-0.0917
		0	0.0002	-0.0837
		0	-0.0118	-0.0837
		0	-0.0201	-0.0837
		0	-0.0041	-0.1156
		0	0.0039	-0.0917
		0	0.0001	-0.1156
		0	-0.0201	-0.0757
		0	0.0002	-0.0199
		0	-0.0122	-0.1156
		0	0.0043	-0.1156
		0	0.0001	-0.1394
		0	0.0162	-0.1235
		0	-0.0118	-0.0917
		0	-0.0161	-0.0996
		0	0.004	-0.0438
		0	-0.0035	-0.1235
		0	0.0283	-0.0917
		0	-0.0038	-0.0917
		0	0.0043	-0.0917
		0	-0.0152	-0.0757
		0	0.0202	-0.0518
		0	0.0001	-0.0757
		0	0.008	-0.0917
		0	-0.012	-0.1235
		0	-0.0001	-0.0917
		0	-0.0038	-0.1235
		0	-0.0154	-0.0359
		0	-0.0041	-0.1156
		0	-0.0118	-0.0837
		0	-0.0192	-0.1235
		0	-0.0199	-0.1235


 element
wave