Mozilla/5.0 (Macintosh; Intel Mac OS X 10_9_5) AppleWebKit/537.36 (KHTML, like Gecko) Chrome/45.0.2454.99 Safari/537.36

 standard_deviation

 standard_deviation_mean
	0	-0.0012	-0.103

 standard_deviation
	0	0.0002	0.0012

 slope_aggression
	0	0.0189	0.0409

 sum
	0	1.0055	8.2663

 raw
		0	0.0198	-0.0718
		0	0.0004	-0.1275
		0	-0.0005	-0.1275
		0	-0.0076	-0.1354
		0	0.0199	-0.0638
		0	-0.0003	-0.1036
		0	-0.0196	-0.1036
		0	-0.0161	-0.0957
		0	-0.0005	-0.1116
		0	-0.0081	-0.0957
		0	0.0044	-0.0638
		0	-0.0235	-0.1513
		0	-0.0005	-0.1433
		0	0.0198	-0.0877
		0	-0.0153	-0.1116
		0	0.0153	-0.0638
		0	-0.0076	-0.1671
		0	-0.0005	-0.1036
		0	0.004	-0.0718
		0	-0.0153	-0.1433
		0	0.0115	-0.0718
		0	0.0038	-0.008
		0	-0.0081	-0.0877
		0	0.004	-0.0877
		0	0.0119	-0.0479
		0	-0.0003	-0.1036
		0	0.0036	-0.0877
		0	-0.0244	-0.1513
		0	-0.0003	-0.1036
		0	0.0159	-0.1036
		0	-0.0156	-0.1275
		0	0.0004	-0.0239
		0	-0.0083	-0.1116
		0	0.0038	-0.0877
		0	-0.0156	-0.1036
		0	0.0158	-0.0638
		0	-0.0351	-0.1671
		0	0.0117	-0.0718
		0	-0.0235	-0.1513
		0	0.0117	-0.1354
		0	-0.0043	-0.1275
		0	-0.0003	-0.1275
		0	0.0158	-0.1036
		0	-0.0081	-0.1275
		0	0.016	-0.0877
		0	0.0199	-0.0319
		0	-0.0167	-0.1036
		0	-0.0445	-0.1513
		0	0.0201	-0.0239
		0	0.0199	-0.0479
		0	0.0163	-0.1036
		0	0.0119	-0.1513
		0	-0.0076	-0.1036
		0	-0.0161	-0.0718
		0	0.0158	-0.0718
		0	0.0125	-0.0877
		0	0.016	-0.0638
		0	-0.0204	-0.1354
		0	-0.0156	-0.1275
		0	0.0158	-0.0877
		0	0.012	-0.0877
		0	0.0004	-0.1036
		0	0.0038	-0.1036
		0	-0.0076	-0.1275
		0	-0.0232	-0.1433
		0	0.0158	-0.0479
		0	-0.0201	-0.175
		0	-0.0001	-0.0877
		0	-0.0232	-0.1354
		0	-0.0232	-0.1275
		0	-0.0156	-0.1513
		0	-0.0156	-0.1275
		0	0.0201	-0.1116
		0	-0.0081	-0.1116
		0	0.0201	-0.0638
		0	-0.0201	-0.1433
		0	0.0034	-0.1036
		0	-0.0156	-0.1036
		0	0.0159	-0.1354
		0	0.0045	-0.1036
		0	0.0038	-0.0718


 element
wave