Mozilla/5.0 (Linux; Android 5.1; XT1034 Build/LPB23.13-57) AppleWebKit/537.36 (KHTML, like Gecko) Chrome/45.0.2454.94 Mobile Safari/537.36

 standard_deviation

 standard_deviation_mean
	-0.0683	0.0033	-0.007

 standard_deviation
	0.0005	0	0.0001

 slope_aggression
	0.0233	0.0071	0.0146

 sum
	5.4992	0.4694	0.9124

 raw
		-0.0509	0.0011	-0.0244
		-0.0234	0.0035	-0.0001
		-0.0647	-0.0086	-0.0081
		-0.0735	-0.0062	0.008
		-0.0287	0.0172	0.0165
		-0.0603	0.0062	-0.0083
		-0.0571	0.006	-0.0001
		-0.0478	0.012	-0.0082
		-0.0756	0.0109	-0.0246
		-0.0922	0.0012	-0.0165
		-0.0457	0.0241	-0.0082
		-0.0914	0.0096	-0.0245
		-0.0901	-0.0013	-0.0164
		-0.0426	0.0011	0.0081
		-0.0729	-0.0038	-0.0081
		-0.0809	0.0049	-0.0247
		-0.0641	0.0073	-0.0082
		-0.0996	-0.0037	-0.0164
		-0.1055	-0.0062	-0.0082
		-0.0899	0.0047	-0.0163
		-0.0694	0.0011	-0.0082
		-0.0548	0.0086	-0.0083
		-0.0598	0.0062	-0.0001
		-0.1251	-0.0026	-0.0244
		-0.0742	-0.0038	0.0159
		-0.0683	0.0062	-0.0001
		-0.089	0.0047	-0.0244
		-0.0944	-0.0086	-0.0081
		-0.1079	-0.0014	-0.0408
		-0.0753	-0.0001	-0.0162
		-0.0698	0.0094	-0.0323
		-0.0245	0.0012	0.0164
		-0.057	0.0011	-0.0082
		-0.065	0.0036	-0.0082
		-0.0893	-0.0001	-0.0243
		-0.0677	0.0071	-0.0081
		-0.065	0.0073	-0.0082
		-0.0886	0.0036	-0.0164
		-0.0993	0.0011	-0.0244
		-0.0763	0.0109	-0.0246
		-0.0681	0.0059	-0.0081
		-0.0621	0.0096	0.0081
		-0.0683	0.013	-0.0162
		-0.0333	0.0047	0.0081
		-0.0248	0.006	0.0163
		-0.0811	-0.0013	-0.0164
		-0.0183	0.0049	0.0164
		-0.02	0.0109	-0.0082
		-0.0535	-0.0025	-0.0082
		-0.0403	0.0049	-0.0001
		-0.0601	-0.0025	-0.0001
		-0.0517	0.0025	-0.0083
		-0.0504	0.0035	-0.0001
		-0.0809	-0.0025	-0.0001
		-0.0566	-0.0001	0.0161
		-0.066	0.0109	-0.0164
		-0.0345	0.0098	-0.0001
		-0.0646	0.0109	-0.0082
		-0.0523	0.0073	0.0081
		-0.0832	-0.005	-0.0082
		-0.0882	-0.0086	-0.0001
		-0.1261	-0.005	-0.0323
		-0.0583	0.0024	0.0081
		-0.0763	0.0059	-0.0081
		-0.0909	-0.0025	-0.0082
		-0.0765	0.0071	-0.0081
		-0.0618	-0.0025	0.0081
		-0.0654	-0.0037	-0.0082
		-0.0492	0.0073	-0.0001
		-0.1124	-0.005	-0.0327
		-0.0552	0.0073	-0.0001
		-0.0487	0.0107	0.008
		-0.0726	-0.005	0.0081
		-0.0739	0.0109	-0.0082
		-0.082	0.0011	-0.0001
		-0.066	0.0059	-0.0001
		-0.1011	0.0011	-0.0163
		-0.0632	0.013	-0.0081
		-0.0973	-0.005	-0.0082
		-0.0908	-0.0111	-0.0001
		-0.0298	0.0146	0.0081


 element
wave