Mozilla/5.0 (Linux; Android 5.1; XT1034 Build/LPB23.13-57) AppleWebKit/537.36 (KHTML, like Gecko) Chrome/45.0.2454.94 Mobile Safari/537.36

 standard_deviation

 standard_deviation_mean
	-0.0421	-0.0092	-0.0036

 standard_deviation
	0.0013	0	0.0032

 slope_aggression
	0.0193	0.0074	0.0217

 sum
	3.2578	0.7797	1.925

 raw
		-0.0076	-0.0023	0.0042
		0.0075	-0.0073	0.0041
		0.0001	-0.0122	0.0204
		-0.0082	0.0081	0.012
		-0.0348	-0.0059	-0.0124
		-0.017	-0.0063	0.0202
		-0.047	-0.0023	-0.0206
		-0.049	-0.0023	0.0042
		-0.0314	-0.009	0.036
		-0.0151	-0.0027	0.0283
		-0.0428	-0.0063	-0.0043
		-0.0468	-0.0086	0.004
		-0.0441	-0.0146	0.0287
		-0.0629	-0.0096	0.0124
		-0.0627	-0.0197	0.0199
		-0.0342	-0.0136	0.0283
		-0.034	-0.0125	0.0199
		-0.047	-0.0161	0.0118
		-0.0605	-0.0135	-0.0125
		-0.0379	-0.0102	0.0036
		-0.0391	-0.0099	-0.0125
		-0.0308	0.0036	-0.0042
		-0.0303	-0.0063	0.0202
		-0.047	-0.0036	0.0123
		-0.0012	0.0022	0.0367
		-0.0509	-0.0184	-0.0044
		-0.0384	-0.0099	0.012
		-0.0512	-0.0127	0.0114
		-0.0488	-0.0193	0.0043
		-0.0438	-0.0086	0.004
		-0.0284	-0.0053	0.0118
		-0.0326	-0.0122	-0.0042
		-0.0432	-0.0099	0.0039
		-0.0322	-0.0013	-0.0042
		0.005	0.0013	0.0124
		-0.0166	-0.0197	0.0279
		-0.0156	-0.0014	0.0285
		-0.0435	-0.0112	0.02
		-0.0562	-0.0171	0.012
		-0.0221	-0.0073	0.0205
		-0.0398	-0.0107	0.0127
		-0.045	-0.0148	-0.0125
		-0.0061	-0.0122	0.0204
		-0.0075	-0.0099	0.0283
		-0.0225	-0.0136	0.0365
		-0.0424	-0.0086	0.0122
		-0.0582	-0.0063	-0.0043
		-0.0182	-0.0063	0.0283
		-0.0532	-0.0112	0.0119
		-0.0547	0.0036	-0.0124
		-0.0365	-0.0122	0.0204
		-0.027	-0.0063	0.0202
		-0.0634	-0.0099	-0.0043
		-0.0517	-0.005	0.0122
		-0.0381	-0.0063	0.0283
		-0.0366	0.0027	0.0043
		-0.0365	-0.0086	0.0285
		-0.0419	-0.0112	0.0038
		-0.0193	-0.0063	0.0202
		-0.0341	-0.0172	0.0365
		-0.054	-0.0209	0.0197
		-0.0358	-0.0004	0.0119
		-0.054	-0.0159	0.0122
		-0.0433	0.0027	0.0043
		-0.0614	-0.0186	0.0276
		-0.0639	-0.0173	-0.0045
		-0.0278	-0.0146	0.0287
		-0.0621	-0.0109	-0.0124
		-0.028	-0.0063	-0.0043
		-0.0362	-0.0158	-0.0206
		-0.0397	-0.0023	-0.0371
		0.0009	-0.0027	0.0039
		-0.0078	-0.0158	-0.0124
		-0.0477	-0.0089	-0.0449
		-0.0483	-0.0088	-0.0287
		-0.036	-0.0135	-0.0206
		-0.0236	-0.0122	-0.0288
		-0.0539	0.0103	-0.0877
		-0.2506	-0.0187	-0.345
		-0.1867	-0.0191	-0.2353
		-0.1768	-0.0345	-0.2238


 element
wave