Mozilla/5.0 (Linux; Android 5.0.2; XT1034 Build/LXB22.46-32) AppleWebKit/537.36 (KHTML, like Gecko) Chrome/45.0.2454.94 Mobile Safari/537.36

 standard_deviation

 standard_deviation_mean
	-0.0148	0.0136	-0.0194

 standard_deviation
	0.0001	0	0.0001

 slope_aggression
	0.0117	0.0062	0.0128

 sum
	1.2379	1.094	1.5768

 raw
		-0.0261	0.0086	-0.0414
		-0.0139	0.0148	-0.0252
		-0.0179	0.0098	-0.0334
		-0.0064	0.0089	0.0001
		-0.0135	0.0187	-0.0165
		-0.0081	0.0112	-0.0165
		-0.0045	0.015	-0.0165
		-0.0197	0.0126	-0.0244
		-0.0369	0.0261	-0.0412
		-0.013	0.0211	-0.0168
		-0.0208	0.0163	-0.0244
		-0.025	0.015	-0.0247
		-0.0318	0.0274	-0.0249
		-0.0361	0.0074	-0.033
		-0.0187	0.0037	-0.0165
		-0.0128	0.0037	-0.0001
		-0.023	0.0124	-0.0166
		-0.0231	0.0052	-0.0162
		-0.0082	0.015	-0.0083
		-0.0209	0.0199	-0.0249
		-0.014	0.0212	-0.0328
		-0.0036	0.0075	-0.0165
		-0.0351	0.0085	-0.0497
		-0.0185	0.0236	-0.0249
		-0.0206	0.015	-0.0247
		-0.0019	0.0162	-0.0084
		-0.0023	0.0011	-0.0001
		-0.0198	0.0212	-0.0164
		-0.0334	0.0124	-0.0249
		-0.0085	0.0124	-0.0166
		0.0062	0.0162	-0.0001
		-0.0138	0.0148	-0.0169
		-0.0167	0.0262	-0.0165
		-0.0254	0.0063	-0.0246
		-0.034	0.0112	-0.0412
		-0.0064	0.0113	-0.0001
		-0.0223	0.0173	-0.0251
		-0.0263	0.0137	-0.0328
		-0.0167	0.0175	-0.0164
		0.0016	0.0127	0.0082
		-0.0218	0.0186	-0.0169
		-0.0258	0.0112	-0.0247
		-0.0093	0.0136	-0.0251
		-0.005	0.0066	-0.016
		-0.0057	0.0224	-0.0247
		-0.0283	0.0149	-0.0412
		-0.0185	0.0124	-0.0249
		-0.0021	0.0049	-0.0084
		-0.0126	0.0112	-0.0165
		-0.0123	0.0175	-0.0164
		-0.0137	0.0124	-0.0249
		-0.0258	0.0149	-0.033
		-0.0159	0.0112	-0.0165
		0.0018	0.0099	0.0081
		-0.0148	0.0148	-0.0252
		-0.0116	0.0173	-0.0251
		-0.0329	0.0048	-0.0414
		-0.0281	0.0089	-0.0244
		-0.0148	0.0096	-0.0088
		0.007	0.0113	-0.0001
		-0.0008	0.0127	0.0001
		-0.0116	0.0225	-0.0083
		-0.0218	0.0174	-0.0168
		-0.0273	0.0161	-0.0332
		0.0001	0.0211	-0.0085
		0.0033	0.0162	-0.0084
		-0.015	0.0011	-0.0166
		-0.0137	0.0115	-0.0161
		0.0005	0.0201	-0.0081
		-0.0204	0.0173	-0.0251
		-0.0097	0.0236	-0.0249
		0.0063	0.0175	-0.0164
		-0.0026	0.0049	-0.0166
		-0.0172	0.0124	-0.0332
		-0.021	0.0086	-0.0249
		-0.0139	0.0136	-0.0085
		0.0018	0.0175	0
		-0.0131	0.0089	-0.0326
		-0.0001	0.0101	-0.0082
		-0.0252	0.0098	-0.0334
		-0.0182	0.0077	-0.0242


 element
wave