Mozilla/5.0 (Macintosh; Intel Mac OS X 10_9_5) AppleWebKit/537.36 (KHTML, like Gecko) Chrome/45.0.2454.93 Safari/537.36

 standard_deviation

 standard_deviation_mean
	0	0.005	-0.0922

 standard_deviation
	0	0.0001	0.0013

 slope_aggression
	0	0.0146	0.0407

 sum
	0	0.9018	7.4317

 raw
		0	0.0074	-0.0877
		0	0.0114	-0.0558
		0	0.0035	-0.0877
		0	-0.0171	-0.0797
		0	-0.0287	-0.1195
		0	-0.0199	-0.0797
		0	0.0194	-0.1275
		0	0.0276	-0.0718
		0	0.0114	-0.0478
		0	-0.0082	-0.1275
		0	-0.0005	-0.0957
		0	0.0074	-0.0957
		0	-0.0002	-0.1354
		0	0.0038	-0.0797
		0	0.0276	-0.0159
		0	0.0114	-0.0319
		0	0.0075	-0.0718
		0	0.0074	-0.0478
		0	0.0033	-0.0877
		0	0.0317	-0.0079
		0	-0.0086	-0.0718
		0	0.0276	-0.0797
		0	0.0033	-0.1116
		0	0.0079	-0.1672
		0	0.0194	-0.0877
		0	0.0119	-0.0957
		0	0.0033	-0.0957
		0	-0.0005	-0.1116
		0	-0.008	-0.0718
		0	-0.0082	-0.0957
		0	-0.0082	-0.1593
		0	-0.0086	-0.1116
		0	0.0317	-0.0718
		0	0.0118	-0.1513
		0	0.0032	-0.0478
		0	-0.0122	-0.0718
		0	0.0235	-0.0478
		0	0.0035	-0.0877
		0	0.0194	-0.0079
		0	-0.0159	-0.1593
		0	0.0116	-0.0718
		0	0.0035	-0.0877
		0	0.0035	-0.0399
		0	0.0032	-0.0957
		0	0.0116	-0.1275
		0	0.0194	-0.0558
		0	0.0075	-0.1354
		0	0.0238	-0.0159
		0	0.0234	-0.1593
		0	-0.013	-0.1275
		0	0.0315	-0.1195
		0	-0.0005	-0.1116
		0	-0.0126	-0.0877
		0	0.0035	-0.0877
		0	-0.0002	-0.0957
		0	-0.0007	-0.1195
		0	-0.0168	-0.0877
		0	-0.0088	-0.1195
		0	-0.0005	-0.0718
		0	0.0074	-0.0797
		0	0.0033	-0.1116
		0	0.0074	-0.1116
		0	-0.0126	-0.0797
		0	-0.0005	-0.0877
		0	0.0075	-0.1751
		0	-0.0092	-0.1354
		0	0.0275	-0.0797
		0	0.0075	-0.0877
		0	0.0118	-0.1116
		0	-0.0086	-0.0797
		0	0.0113	-0.0957
		0	0.0035	-0.1593
		0	0.0198	-0.0718
		0	0.0078	-0.0797
		0	0.0075	-0.1116
		0	0.0035	-0.1116
		0	-0.0082	-0.1195
		0	0.0074	-0.1116
		0	-0.0086	-0.1275
		0	0.0317	-0.0319
		0	-0.008	-0.0319


 element
wave