Mozilla/5.0 (Macintosh; Intel Mac OS X 10_9_5) AppleWebKit/537.36 (KHTML, like Gecko) Chrome/45.0.2454.93 Safari/537.36

 standard_deviation

 standard_deviation_mean
	0	0.0162	-0.0809

 standard_deviation
	0	0.0001	0.0009

 slope_aggression
	0	0.0167	0.032

 sum
	0	1.3899	6.5481

 raw
		0	0.0283	-0.0757
		0	0.0282	-0.0757
		0	0.0243	-0.0837
		0	0.0364	-0.0678
		0	-0.0113	-0.1235
		0	0.0241	-0.0598
		0	0.0242	-0.0678
		0	0.0042	-0.0837
		0	0.0201	-0.0757
		0	0.0364	-0.0598
		0	0.0282	-0.0598
		0	0.0082	-0.0598
		0	0.0404	-0.0678
		0	0.0203	-0.0997
		0	0.0009	-0.0358
		0	0.0243	-0.0598
		0	-0.0031	-0.1156
		0	0.0082	-0.0757
		0	0.0082	-0.0757
		0	0.0076	-0.1156
		0	0.0006	-0.0678
		0	0.0362	-0.1076
		0	-0.0038	-0.1474
		0	0.0082	-0.1156
		0	0.0161	-0.0598
		0	0.0082	-0.1394
		0	0.0363	-0.0438
		0	0.004	-0.0598
		0	0.0286	-0.0279
		0	-0.0003	-0.1076
		0	0.0082	-0.0757
		0	0.02	-0.0678
		0	-0.0119	-0.0598
		0	0.0243	-0.0678
		0	0.0086	-0.0837
		0	0.0161	-0.0598
		0	0.0161	-0.1076
		0	0.0404	-0.1156
		0	0.0082	-0.0997
		0	-0.0038	-0.0757
		0	0.0241	-0.0837
		0	0.0167	-0.0757
		0	0.0082	-0.1156
		0	0.0161	-0.0997
		0	0.0203	-0.0757
		0	0.0242	-0.0997
		0	-0.0003	-0.1156
		0	0.0159	-0.1076
		0	0.0282	-0.0678
		0	-0.0113	-0.0757
		0	0.0444	0.02
		0	0.0281	-0.0279
		0	0.0242	-0.0279
		0	0.0444	-0.1076
		0	0.0088	-0.0837
		0	0.0082	-0.0837
		0	0.0086	-0.0358
		0	0.02	-0.0837
		0	0.0082	-0.1235
		0	0.0163	-0.1076
		0	0.0243	-0.0358
		0	0.0242	-0.0757
		0	0.0406	-0.0438
		0	0.0006	-0.1156
		0	0.0404	-0.0358
		0	0.0242	-0.0598
		0	0.0046	-0.0997
		0	0.028	-0.0598
		0	0.0281	-0.0757
		0	0.0046	-0.1076
		0	0.0363	-0.0997
		0	0.0163	-0.0757
		0	0.0002	-0.1394
		0	0.0161	-0.1474
		0	0.0042	-0.0837
		0	0.0046	-0.0997
		0	-0.0001	-0.1235
		0	0.0046	-0.0598
		0	0.0048	-0.0678
		0	0.0163	-0.0997
		0	0.0203	-0.0438


 element
wave