Mozilla/5.0 (Macintosh; Intel Mac OS X 10_9_5) AppleWebKit/537.36 (KHTML, like Gecko) Chrome/45.0.2454.93 Safari/537.36

 standard_deviation

 standard_deviation_mean
	0	-0.0056	-0.1027

 standard_deviation
	0	0.0001	0.0009

 slope_aggression
	0	0.0145	0.0337

 sum
	0	0.8357	8.1961

 raw
		0	-0.0001	-0.0797
		0	-0.0275	-0.1354
		0	-0.0162	-0.0957
		0	-0.0081	-0.0957
		0	-0.0001	-0.0877
		0	0.012	-0.0638
		0	-0.0044	-0.1354
		0	-0.0198	-0.1275
		0	-0.0162	-0.1354
		0	0.0039	-0.1354
		0	-0.0078	-0.0957
		0	-0.0002	-0.1195
		0	-0.0362	-0.1751
		0	0.012	-0.1275
		0	-0.0084	-0.1751
		0	-0.0042	-0.1195
		0	-0.0003	-0.0957
		0	-0.0003	-0.1354
		0	-0.0042	-0.0957
		0	-0.0042	-0.1275
		0	-0.0246	-0.0957
		0	-0.0206	-0.0638
		0	0.016	-0.1354
		0	-0.0081	-0.0638
		0	-0.0002	-0.1036
		0	-0.0044	-0.1354
		0	-0.0237	-0.1195
		0	-0.0081	-0.1036
		0	-0.0158	-0.0877
		0	-0.0041	-0.0957
		0	-0.0002	-0.1195
		0	-0.0246	-0.1354
		0	-0.0202	-0.0877
		0	-0.0041	-0.1195
		0	-0.0081	-0.0957
		0	-0.0042	-0.0558
		0	0.0322	-0.0558
		0	-0.0078	-0.0957
		0	-0.0036	-0.1195
		0	0.0002	-0.0957
		0	-0.0042	-0.0957
		0	-0.0206	-0.0957
		0	-0.0156	-0.1036
		0	0.0037	-0.0478
		0	-0.0003	-0.1354
		0	0.012	-0.0558
		0	-0.0078	-0.0638
		0	0.0039	-0.1354
		0	-0.0078	-0.0957
		0	0.004	-0.0558
		0	0.0202	-0.0558
		0	-0.0081	-0.1275
		0	-0.0083	-0.1275
		0	0.012	-0.0957
		0	-0.0038	-0.1434
		0	-0.0004	-0.1036
		0	-0.0042	-0.1275
		0	-0.0041	-0.1275
		0	-0.0242	-0.0957
		0	0.0119	-0.1036
		0	-0.0198	-0.0877
		0	-0.0162	-0.0797
		0	0.012	-0.1434
		0	-0.0078	-0.1036
		0	-0.0002	-0.0877
		0	-0.0165	-0.1195
		0	-0.0078	-0.0399
		0	0.004	-0.1354
		0	-0.0277	-0.1434
		0	-0.0086	-0.0478
		0	0.0159	-0.0478
		0	-0.0162	-0.1434
		0	-0.0042	-0.0957
		0	-0.0083	-0.0558
		0	-0.0195	-0.1036
		0	0.0039	-0.0399
		0	0.0161	-0.0797
		0	-0.0042	-0.1036
		0	-0.0198	-0.1036
		0	-0.0158	-0.1036
		0	-0.0044	-0.1195


 element
wave