Mozilla/5.0 (Linux; Android 5.0.2; XT1034 Build/LXB22.46-32) AppleWebKit/537.36 (KHTML, like Gecko) Chrome/45.0.2454.94 Mobile Safari/537.36

 standard_deviation

 standard_deviation_mean
	0.2179	0.332	0.1488

 standard_deviation
	0.2039	0.3036	0.2716

 slope_aggression
	0.2217	0.1116	0.2489

 sum
	30.4616	40.7811	33.4704

 raw
		0.0067	0.0082	0.0122
		0.0225	-0.0018	0.0366
		0.0081	0.0086	0.0209
		-0.0002	0.0081	0.0288
		-0.0024	0.0123	0.0293
		0.0021	-0.0028	0.037
		0.0126	0.0081	0.037
		0.0305	0.013	0.0621
		-0.0038	-0.0051	0.0206
		0.0072	0.0072	0.0291
		-0.006	0.0073	0.0208
		-0.0134	-0.0037	0.0208
		-0.005	-0.0001	0.0208
		0.006	0.0167	0.0289
		0.0073	0.0109	0.0208
		-0.0062	0.014	0.0121
		-0.0013	0.0171	0.0218
		-0.1458	-0.1155	-0.096
		0.001	0.0064	0.02
		0.0684	-0.0294	0.1418
		0.0559	0.1288	0.0916
		-0.0052	0.1396	0.0376
		0.1744	0.342	0.3124
		0.398	0.5908	0.7047
		0.5166	0.6935	0.9147
		0.5987	0.7717	0.9945
		0.8834	0.9006	0.7188
		0.0601	0.9738	0.0564
		0.4835	0.994	0.6418
		0.8041	0.9992	0.9375
		0.9756	0.9983	0.9909
		0.9997	0.9876	0.9733
		0.8887	0.9437	0.5716
		-0.619	0.2993	-0.1463
		-0.2967	0.0277	-0.6072
		-0.3418	-0.09	-0.4741
		-0.33	-0.4132	-0.6295
		-0.2348	-0.6513	-0.7489
		0.3066	-0.7003	-0.986
		0.4989	-0.5896	-0.748
		0.4291	-0.3208	-0.4418
		0.3931	-0.18	-0.1697
		0.3608	0.1081	0.0946
		0.4304	0.5201	0.5815
		0.4421	0.6581	0.7368
		0.7584	0.8233	0.9601
		0.9806	0.8879	0.1296
		-0.2997	0.9869	-0.2686
		0.0831	0.9997	0.3983
		0.1986	0.9897	0.3071
		0.4979	0.976	0.5424
		0.7627	0.9831	0.8184
		0.994	0.9936	0.7634
		0.9084	0.9766	0.7024
		0.8431	0.9487	0.726
		0.1905	0.8581	0.0325
		0.2354	0.7682	0.1531
		0.0257	0.6533	0.1321
		0.2011	0.455	0.3455
		-0.1286	0.1878	0.0779
		0.6047	-0.6187	-0.381
		0.6127	-0.6846	-0.6219
		0.6593	-0.7806	-0.9744
		0.6028	-0.7204	-0.9391
		0.5122	-0.5744	-0.4768
		0.4579	-0.542	-0.1011
		0.4327	-0.0917	0.4935
		0.369	-0.1265	0.5983
		0.4688	0.2508	0.9191
		0.4758	0.4522	0.9989
		0.5266	0.6032	0.9461
		0.6892	0.799	0.3613
		-0.64	0.9876	0.0124
		-0.9448	0.9828	-0.9723
		-0.8532	0.9988	-0.5002
		-0.5923	0.999	0.6346
		-0.0518	0.995	0.8286
		0.4854	0.9974	0.6764
		0.998	0.9982	0.2637
		-0.4914	0.77	-0.3836
		-0.7796	0.5966	-0.086


 element
wave