Mozilla/5.0 (Macintosh; Intel Mac OS X 10_9_5) AppleWebKit/537.36 (KHTML, like Gecko) Chrome/45.0.2454.93 Safari/537.36

 standard_deviation

 standard_deviation_mean
	0	0.0237	-0.0995

 standard_deviation
	0	0.0002	0.0012

 slope_aggression
	0	0.0162	0.0396

 sum
	0	1.954	7.9014

 raw
		0	0.0232	-0.0718
		0	0.0037	-0.0957
		0	0.0273	-0.1275
		0	0.0515	-0.0957
		0	-0.012	-0.1751
		0	0.003	-0.1593
		0	0.0079	-0.0558
		0	0.0515	-0.1116
		0	0.0193	-0.0797
		0	0.0232	-0.0957
		0	0.019	-0.1195
		0	0.0273	-0.1275
		0	0.0313	-0.0957
		0	0.0197	-0.0478
		0	0.0271	-0.1116
		0	0.0119	-0.1275
		0	0.0192	-0.1354
		0	0.0273	-0.0877
		0	0.0274	-0.0797
		0	0.0434	-0.0558
		0	0.0475	-0.0558
		0	0.019	-0.1195
		0	0.0238	-0.0718
		0	0.0188	-0.1116
		0	0.0028	-0.0877
		0	0.0435	-0.0718
		0	0.0192	-0.1116
		0	0.0234	-0.0957
		0	0.0197	-0.0558
		0	0.0474	-0.1354
		0	0.0435	-0.0797
		0	0.0192	-0.0718
		0	0.0596	-0.0319
		0	0.0198	-0.0718
		0	0.0271	-0.1275
		0	0.0192	-0.1275
		0	0.0316	-0.0718
		0	0.0393	-0.0558
		0	0.0117	-0.1116
		0	0.0232	-0.1116
		0	0.0516	-0.0399
		0	0.0193	-0.0478
		0	0.0117	-0.1354
		0	0.0039	-0.1354
		0	0.0313	-0.0558
		0	0.0274	-0.0399
		0	0.003	-0.1909
		0	0.0313	-0.0478
		0	0.0394	-0.0797
		0	0.0273	-0.1275
		0	0.0273	-0.0797
		0	0.0271	-0.0797
		0	0.0434	-0.0718
		0	0.0232	-0.1751
		0	0.019	-0.1513
		0	0.0032	-0.1275
		0	0.0394	-0.0957
		0	0.0192	-0.0957
		0	0.0271	-0.1116
		0	0.0113	-0.1354
		0	0.0077	-0.1195
		0	0.0234	-0.1593
		0	0.0198	-0.1116
		0	0.0109	-0.0797
		0	0.0273	-0.1354
		0	0.0192	-0.1116
		0	-0.008	-0.1593
		0	0.0193	-0.0957
		0	0.0393	-0.0718
		0	0.0434	-0.0478
		0	0.0434	-0.1275
		0	0.0113	-0.0877
		0	0.0071	-0.1116
		0	0.0234	-0.0718
		0	-0.0003	-0.1354
		0	0.0433	-0.0478
		0	0.0119	-0.0877
		0	0.0273	-0.0718
		0	0.0193	-0.1195
		0	0.0234	-0.0957
		0	0.0113	-0.1513


 element
wave