Mozilla/5.0 (Linux; Android 5.0.2; XT1034 Build/LXB22.46-32) AppleWebKit/537.36 (KHTML, like Gecko) Chrome/45.0.2454.94 Mobile Safari/537.36

 standard_deviation

 standard_deviation_mean
	0.0423	0.0071	-0.0254

 standard_deviation
	0.2093	0.0002	0.0007

 slope_aggresion
	0.0316	0.0078	0.0199

 sum
	55.8201	2.2724	4.8805

 raw
		-0.0006	0.0193	-0.0194
		0.0122	0.0193	0.0038
		-0.015	0.0038	-0.0194
		-0.0275	0.0196	-0.0275
		0.0004	0.0155	0.0116
		-0.0217	0.0155	-0.035
		-0.0132	0.0196	-0.0118
		-0.0275	0.008	-0.0277
		-0.0047	0.0311	-0.0195
		-0.0023	0.0118	-0.0196
		0.0395	0.0277	0.0119
		0.0441	0.0232	-0.0039
		0.0594	0.0233	-0.0039
		0.0757	0.0196	0.0039
		0.089	0.008	-0.0358
		0.1622	0.0155	0.0116
		0.1433	0.0039	-0.0196
		0.1496	0.0039	-0.0117
		0.2035	0.0236	0.0276
		0.2058	0.0078	0.0117
		0.2384	0.0079	0.0118
		0.2333	0.004	-0.0039
		0.2601	0.0038	-0.0039
		0.3039	0.0115	0.0115
		0.3126	0	0.0116
		0.2882	-0.0117	-0.0274
		0.3507	0.0038	0.0271
		0.3957	-0.0039	0.0273
		0.3854	0.0039	-0.0039
		0.4005	0.0078	-0.0117
		0.4134	-0.0156	-0.0272
		0.4738	0	0.0272
		0.4721	-0.0155	-0.0039
		0.4583	0.0039	-0.0353
		0.5142	0.0039	-0.0118
		0.5534	-0.0039	-0.0039
		0.5714	0	0.0116
		0.5862	-0.0079	-0.0197
		0.6022	-0.0195	-0.0195
		0.6284	-0.0078	-0.0039
		0.668	-0.0078	0.0118
		0.6864	-0.0274	-0.0352
		0.7321	-0.0195	-0.0039
		0.7245	-0.0238	-0.0357
		0.7157	-0.0001	-0.0194
		0.7518	-0.0155	-0.0116
		0.7672	-0.0155	-0.0194
		0.7859	-0.0156	-0.0039
		0.7764	-0.0039	-0.0197
		0.787	-0.0039	-0.0195
		0.7952	-0.0039	-0.0195
		0.8355	-0.0237	-0.0197
		0.8177	-0.0238	-0.0437
		0.8148	-0.0117	-0.0352
		0.8265	-0.0039	-0.0275
		0.7954	-0.0039	-0.0588
		0.8207	-0.0039	-0.0275
		0.8446	-0.0195	-0.0428
		0.876	-0.0196	-0.0118
		0.8381	-0.0156	-0.0352
		0.8049	-0.0155	-0.0504
		0.8353	-0.0155	-0.0271
		0.8027	-0.0039	-0.0353
		0.7956	-0.0199	-0.0517
		0.6846	0	-0.0433
		0.591	-0.0157	-0.0825
		0.6677	-0.0116	-0.0424
		0.6397	-0.0237	-0.0434
		0.2232	-0.0157	-0.0668
		-0.1124	-0.0078	-0.0741
		-0.1496	-0.0157	-0.059
		-0.1762	-0.0078	-0.0586
		-0.4037	-0.0118	-0.075
		-0.4117	-0.0039	-0.059
		-0.5296	-0.0039	-0.0659
		-0.6708	-0.0117	-0.0741
		-0.683	-0.0118	-0.0668
		-0.7236	-0.0117	-0.0739
		-0.714	0	-0.0586
		-0.7755	-0.0078	-0.0741
		-0.7846	-0.0039	-0.0894
		-0.7335	0	-0.0513
		-0.6921	0.0116	-0.0428
		-0.7201	0.004	-0.0673
		-0.6842	0.0119	-0.0434
		-0.6696	0.02	-0.0358
		-0.7073	0.0039	-0.0431
		-0.697	0.0079	-0.059
		-0.489	0.0477	0.1309
		-0.6842	0.0155	-0.0739
		-0.6559	0.0077	-0.0506
		-0.6386	0.0116	-0.0581
		-0.6144	0.0196	-0.0822
		-0.5983	0.0119	-0.0357
		-0.5651	0.0234	-0.0352
		-0.5679	0.0191	-0.0422
		-0.5972	0.0039	-0.0586
		-0.5566	0.0157	-0.0668
		-0.532	0.0077	-0.0504
		-0.5039	0.0116	-0.0349
		-0.5038	0.0079	-0.0275
		-0.4807	0.0238	-0.0594
		-0.4304	0.0313	-0.0275
		-0.4294	0.0118	-0.0433
		-0.3998	0.0158	-0.0511
		-0.3733	0.0237	-0.0592
		-0.3419	0.0273	-0.043
		-0.3152	0.0272	-0.0195
		-0.3222	0.0195	-0.0819
		-0.2258	0.0154	0.0426
		-0.2641	0.0309	-0.0581
		-0.2363	0.0233	-0.0273
		-0.2363	0.0233	-0.0506
		-0.2067	0.0229	-0.0269
		-0.1868	0.0236	-0.0433
		-0.154	0.0276	-0.0275
		-0.1314	0.0237	-0.0197
		-0.0888	0.0118	-0.0118
		-0.0579	0.0158	0.0039
		-0.071	0.0077	-0.0271
		-0.0554	0.0197	-0.0197
		-0.0612	0.0078	-0.0275
		-0.0368	0	-0.0039
		-0.03	0.0236	-0.0197
		-0.021	0.0193	-0.0194
		-0.0238	0.0234	-0.0274
		-0.0107	0.0194	-0.0039
		-0.0267	0.0198	-0.0276
		-0.0171	0.0233	-0.035
		-0.0043	0.0235	-0.0196
		-0.0026	0.0119	-0.0039
		-0.0109	0.0116	-0.0195
		-0.0198	0.0158	-0.0276
		-0.0117	0.0156	-0.0195
		-0.0028	0.0155	-0.0117
		-0.0148	0.0078	-0.0117
		-0.0137	0.0197	-0.0197
		-0.0053	0.0272	-0.0117
		-0.0196	0.0157	-0.0118
		-0.0206	0.0195	-0.0117
		-0.0348	0.0116	-0.0194
		-0.0319	0.0117	-0.0274
		-0.0164	0.0233	-0.0117
		-0.027	0.0191	-0.0193
		-0.0253	0.0238	-0.0198
		-0.0337	0.0155	-0.0273
		-0.0229	0.0199	-0.0119
		-0.0199	0.0158	-0.0118
		-0.0014	0.0154	0.0038
		-0.0224	0.0197	-0.0118
		-0.0201	0.0197	-0.0039
		-0.0308	0.0117	-0.0274
		-0.027	0.0198	-0.0276
		-0.0407	0.0116	-0.0273
		-0.0361	0.0118	-0.0354
		-0.0133	0.0078	-0.0039
		-0.0066	0.0156	0.0039
		-0.0293	0.0078	-0.0039
		-0.0125	0.0199	0.004
		-0.0203	0.0197	-0.0039
		-0.0339	0.0157	-0.0196


 element
wave