Mozilla/5.0 (iPhone; CPU iPhone OS 7_1_2 like Mac OS X) AppleWebKit/537.51.2 (KHTML, like Gecko) Version/7.0 Mobile/11D257 Safari/9537.53

 standard_deviation

 standard_deviation_mean
	0.0036	-0.0003	0.0269

 standard_deviation
	0	0	0

 slope_aggression
	0.0001	0.0001	0.0002

 sum
	0.2914	0.0191	2.1537

 raw
		0	-0.0001	0.0283
		0	-0.0001	0.0283
		0	-0.0001	0.0283
		0	-0.0001	0.0283
		0	-0.0001	0.0283
		0	-0.0001	0.0283
		0	-0.0001	0.0283
		0	-0.0001	0.0283
		0	-0.0001	0.0283
		0.0057	-0.0011	0.0328
		0.0054	-0.0004	0.0295
		0.0048	-0.0006	0.0293
		0.0045	-0.0007	0.0292
		0.0044	-0.0006	0.0288
		0.0041	-0.0003	0.0281
		0.0039	-0.0004	0.0277
		0.0039	-0.0003	0.0275
		0.0039	-0.0003	0.028
		0.0038	-0.0003	0.0276
		0.0035	-0.0001	0.0276
		0.0036	-0.0002	0.0278
		0.0036	-0.0003	0.0272
		0.0036	-0.0003	0.0272
		0.0038	0	0.0268
		0.0039	0.0002	0.0273
		0.0037	-0.0003	0.0268
		0.0037	-0.0003	0.0272
		0.0038	-0.0003	0.027
		0.0038	-0.0003	0.0266
		0.0037	-0.0004	0.0268
		0.0038	-0.0003	0.027
		0.0038	-0.0003	0.0266
		0.0037	-0.0002	0.0264
		0.0037	-0.0002	0.0262
		0.0039	-0.0005	0.0261
		0.0038	-0.0005	0.0261
		0.0036	-0.0002	0.0261
		0.0037	-0.0004	0.0259
		0.0037	-0.0004	0.0259
		0.0037	-0.0005	0.0261
		0.0037	-0.0004	0.0258
		0.0038	-0.0001	0.026
		0.0038	-0.0001	0.0266
		0.004	-0.0002	0.0263
		0.0039	-0.0003	0.0263
		0.004	-0.0003	0.0261
		0.0039	-0.0001	0.0259
		0.004	0	0.0259
		0.004	-0.0004	0.0261
		0.004	-0.0003	0.0261
		0.0042	0	0.0262
		0.0042	-0.0001	0.0262
		0.0042	-0.0001	0.0267
		0.0042	-0.0001	0.0267
		0.0042	-0.0001	0.0268
		0.0043	0	0.0268
		0.0043	0	0.0264
		0.0043	0	0.0262
		0.0045	0	0.0266
		0.0043	-0.0002	0.0264
		0.0042	-0.0004	0.0261
		0.0042	-0.0003	0.0262
		0.0041	-0.0002	0.0264
		0.0042	-0.0002	0.0262
		0.0042	-0.0004	0.0265
		0.0042	-0.0004	0.026
		0.0043	-0.0006	0.0261
		0.0044	-0.0006	0.0261
		0.0043	0	0.0261
		0.0043	0	0.0258
		0.0041	-0.0001	0.0263
		0.0041	-0.0004	0.0261
		0.0042	-0.0005	0.0259
		0.0042	-0.0005	0.0259
		0.0039	-0.0006	0.0259
		0.004	-0.0006	0.0259
		0.004	-0.0006	0.0261
		0.0042	-0.0006	0.0258
		0.0043	-0.0005	0.0255
		0.0042	-0.0004	0.0251
		0.0042	-0.0004	0.0251


 element
celluar