Mozilla/5.0 (Linux; Android 5.0.2; XT1034 Build/LXB22.46-32) AppleWebKit/537.36 (KHTML, like Gecko) Chrome/45.0.2454.94 Mobile Safari/537.36

 standard_deviation

 standard_deviation_mean
	0.2453	0.4291	-0.0035

 standard_deviation
	0.3221	0.2235	0.2852

 slope_aggression
	0.3272	0.1256	0.334

 sum
	40.5131	41.366	30.7175

 raw
		-0.0019	0.0076	-0.017
		0.0067	0.01	-0.0169
		0.0212	0.0086	-0.0001
		0.002	-0.0001	-0.0083
		0.0047	0.01	-0.0252
		-0.0223	-0.0014	-0.0248
		-0.021	0.0025	-0.0336
		0.0237	0.0073	-0.0083
		-0.0202	0.0049	-0.0334
		0.0119	-0.0001	0.0248
		-0.0003	-0.0037	0.0165
		-0.0069	0.0123	-0.0084
		-0.005	0.0086	-0.0084
		-0.0246	0.0026	-0.0252
		-0.1467	-0.0913	-0.0628
		0.051	0.052	-0.0069
		0.1009	0.1206	0.0082
		0.1715	0.233	0.0822
		0.1501	0.3758	0.0865
		0.215	0.5177	0.2401
		0.269	0.6197	0.466
		0.3104	0.7388	0.5203
		0.0973	0.7868	0.1312
		-0.1849	0.8112	-0.4692
		-0.5186	0.8448	-0.9999
		-0.4785	0.8018	-0.999
		-0.7769	0.8138	-0.2307
		0.8908	0.9862	0.1644
		-0.6941	0.5846	-0.0083
		-0.5693	0.3813	-0.0882
		-0.5526	0.1764	-0.1511
		0.0111	-0.0997	-0.4798
		0.329	-0.2863	-0.5354
		0.8031	-0.3438	-0.805
		0.8761	-0.2124	-0.9982
		0.7992	-0.1997	-0.9708
		0.7458	-0.0059	-0.7642
		0.8369	0.1139	-0.2382
		0.7575	0.3065	0.0733
		0.832	0.5659	0.8649
		0.7807	0.6446	0.9999
		0.8012	0.6283	0.6891
		0.2597	0.7711	0.7829
		-0.9919	0.9813	-1
		-0.5122	0.9851	0.0582
		0.1784	0.9898	0.9602
		0.8484	0.9962	0.4939
		0.9353	0.9855	0.1421
		-0.999	0.4392	-0.1916
		0.8421	0.8477	0.0126
		0.6596	0.6256	0.2009
		0.2352	0.3403	0.1898
		0.2554	-0.6847	-0.0628
		0.9999	-0.6863	-0.6638
		0.9619	-0.4662	-0.9965
		0.933	-0.4276	-0.8053
		0.8801	-0.114	-0.1618
		0.7718	0.0234	-0.0191
		0.6661	0.3367	0.4206
		0.7865	0.6495	0.9653
		0.8045	0.7486	0.9723
		0.8782	0.848	0.2515
		-0.9967	0.9957	-0.8361
		-0.6803	0.9983	-0.7146
		-0.6683	0.9989	-0.4396
		-0.778	0.9993	-0.6088
		-0.5219	0.9995	0.2175
		0.3488	0.9997	0.9374
		0.8828	0.9914	0.515
		0.956	0.957	0.057
		0.9743	0.8825	0.7116
		0.9317	0.7903	0.8635
		-0.0817	0.7534	0.0987
		0.5072	0.268	-0.0663
		0.4227	0.9564	0.8606
		0.9902	0.9896	0.0809
		0.8696	0.9931	-0.9982
		0.4843	0.9999	-0.353
		-0.0987	0.7257	0.1965
		0.9962	0.6958	0.4265
		0.0665	0.6369	0.8657


 element
wave