Mozilla/5.0 (Macintosh; Intel Mac OS X 10_9_5) AppleWebKit/537.36 (KHTML, like Gecko) Chrome/45.0.2454.93 Safari/537.36

 standard_deviation

 standard_deviation_mean
	0	-0.027	-0.1148

 standard_deviation
	0	0.0002	0.001

 slope_aggression
	0	0.0163	0.0371

 sum
	0	2.1991	9.1397

 raw
		0	-0.0203	-0.1036
		0	-0.0361	-0.1036
		0	-0.0084	-0.0718
		0	-0.0247	-0.1829
		0	-0.0084	-0.0956
		0	-0.0003	-0.1116
		0	-0.0241	-0.1592
		0	-0.0245	-0.1036
		0	-0.0286	-0.1116
		0	-0.0364	-0.1195
		0	-0.0284	-0.0956
		0	-0.0164	-0.0638
		0	0.016	-0.0718
		0	0.0038	-0.0319
		0	-0.0164	-0.0956
		0	-0.049	-0.1433
		0	-0.044	-0.1036
		0	-0.0364	-0.1433
		0	-0.0364	-0.1354
		0	-0.0447	-0.1512
		0	-0.0164	-0.1036
		0	-0.0279	-0.0797
		0	-0.0044	-0.0718
		0	-0.0164	-0.1195
		0	-0.0161	-0.0797
		0	-0.0286	-0.1592
		0	-0.0245	-0.1036
		0	-0.0361	-0.1195
		0	-0.0676	-0.0956
		0	-0.0206	-0.1116
		0	-0.0364	-0.1116
		0	-0.0405	-0.1116
		0	-0.0359	-0.1036
		0	-0.0281	-0.1195
		0	-0.0244	-0.0797
		0	-0.0487	-0.1592
		0	-0.0248	-0.0956
		0	-0.0407	-0.1512
		0	-0.0239	-0.0718
		0	-0.0364	-0.1354
		0	-0.048	-0.1433
		0	-0.0163	-0.1433
		0	-0.0081	-0.0718
		0	-0.0286	-0.1829
		0	-0.0284	-0.1116
		0	-0.0239	-0.1036
		0	-0.0409	-0.0956
		0	-0.0281	-0.1195
		0	-0.0445	-0.0797
		0	-0.0284	-0.1354
		0	-0.048	-0.175
		0	-0.0205	-0.1036
		0	-0.04	-0.1354
		0	-0.0206	-0.1512
		0	-0.0003	-0.0558
		0	-0.0003	-0.0558
		0	-0.0407	-0.0956
		0	-0.0042	-0.0797
		0	-0.0361	-0.1195
		0	-0.0284	-0.0797
		0	-0.0407	-0.1512
		0	-0.0044	-0.1036
		0	-0.0407	-0.1908
		0	-0.0361	-0.1592
		0	-0.0241	-0.1195
		0	-0.04	-0.1433
		0	-0.0043	-0.0956
		0	-0.0244	-0.1116
		0	-0.0247	-0.0558
		0	-0.0485	-0.1512
		0	-0.0286	-0.1354
		0	-0.044	-0.1512
		0	-0.0405	-0.1512
		0	-0.0361	-0.0956
		0	-0.0043	-0.1116
		0	-0.02	-0.1036
		0	-0.0244	-0.1354
		0	-0.0447	-0.1354
		0	-0.0084	-0.1036
		0	-0.0284	-0.1195
		0	-0.0245	-0.1512


 element
wave