Mozilla/5.0 (Macintosh; Intel Mac OS X 10_9_5) AppleWebKit/537.36 (KHTML, like Gecko) Chrome/45.0.2454.93 Safari/537.36

 standard_deviation

 standard_deviation_mean
	0	-0.0112	-0.0965

 standard_deviation
	0	0.0002	0.0011

 slope_aggression
	0	0.016	0.0367

 sum
	0	1.1605	7.7103

 raw
		0	-0.0237	-0.0957
		0	0.0283	-0.0957
		0	0.008	-0.1036
		0	-0.0203	-0.0638
		0	-0.0042	-0.1036
		0	0.0081	-0.0957
		0	-0.0197	-0.0239
		0	-0.0001	-0.1036
		0	0.008	-0.0797
		0	-0.0201	-0.0399
		0	-0.0197	-0.1354
		0	-0.0283	-0.1354
		0	-0.0041	-0.0159
		0	0.008	-0.0957
		0	-0.0081	-0.1354
		0	-0.008	-0.1354
		0	-0.012	-0.0877
		0	0.0202	-0.0399
		0	-0.008	-0.0638
		0	0.012	-0.0957
		0	-0.012	-0.1354
		0	-0.0117	-0.1275
		0	-0.0083	-0.0957
		0	0.012	-0.0239
		0	-0.012	-0.1036
		0	-0.004	-0.0638
		0	-0.0316	-0.1275
		0	-0.0041	-0.0957
		0	-0.0407	-0.0797
		0	-0.0044	-0.0877
		0	-0.0393	-0.1195
		0	-0.004	-0.1036
		0	-0.0245	-0.0797
		0	-0.0281	-0.1275
		0	-0.0001	-0.0877
		0	-0.0044	-0.1275
		0	0.0003	-0.1434
		0	-0.012	-0.1036
		0	0.0003	-0.0797
		0	-0.0281	-0.1275
		0	-0.004	-0.1434
		0	-0.0123	-0.1195
		0	-0.0277	-0.0797
		0	-0.0081	-0.1354
		0	-0.004	-0.1036
		0	-0.0201	-0.1036
		0	-0.0237	-0.0797
		0	-0.0197	-0.0957
		0	-0.004	-0.0957
		0	-0.0122	-0.1036
		0	-0.012	-0.0877
		0	0.008	-0.0478
		0	0.0121	-0.0558
		0	-0.0002	-0.0797
		0	-0.0237	-0.1275
		0	-0.0241	-0.0638
		0	-0.008	-0.0638
		0	0.0161	-0.0239
		0	-0.0237	-0.1434
		0	-0.008	-0.1036
		0	-0.008	-0.0797
		0	-0.0277	-0.1434
		0	-0.0201	-0.1195
		0	-0.0002	-0.0797
		0	0.0003	-0.0399
		0	-0.0243	-0.1036
		0	-0.0001	-0.0797
		0	-0.0203	-0.0957
		0	-0.0081	-0.0239
		0	-0.0201	-0.1275
		0	-0.0197	-0.1354
		0	-0.0002	-0.0797
		0	-0.0125	-0.1036
		0	-0.0393	-0.1434
		0	-0.0393	-0.183
		0	-0.0243	-0.1434
		0	-0.004	-0.0957
		0	-0.0203	-0.0957
		0	-0.0245	-0.1195
		0	-0.0283	-0.0797
		0	-0.0286	-0.1036


 element
wave