Mozilla/5.0 (Linux; Android 5.1; XT1034 Build/LPB23.13-57) AppleWebKit/537.36 (KHTML, like Gecko) Chrome/45.0.2454.94 Mobile Safari/537.36

 standard_deviation

 standard_deviation_mean
	-0.0624	0.0041	0.0056

 standard_deviation
	0.0005	0	0.0002

 slope_aggression
	0.0175	0.0063	0.0142

 sum
	4.9628	0.4858	1.0348

 raw
		0	-0.0001	0.0243
		-0.0436	0.0085	0.0001
		-0.0584	0	-0.0163
		-0.0294	0.0023	0.008
		-0.0363	0.0099	-0.0244
		-0.0361	0.0024	-0.0163
		-0.0193	0.0062	0.0165
		-0.0363	0.0144	-0.0163
		-0.0556	-0.0023	0.0001
		-0.0691	-0.0036	0
		-0.0329	0.0036	0.0162
		-0.0574	-0.0062	0.0159
		-0.0322	0.0111	0.0249
		-0.0594	0.0013	0.0164
		-0.0437	0.0046	0.0239
		-0.0378	0.0082	0.0159
		-0.0277	0.0098	0.0247
		-0.0473	-0.0121	0.008
		-0.0422	0.0072	0.0081
		-0.0373	0.0098	0.0165
		-0.0363	0.0062	0.0165
		-0.0274	0.0062	0.0165
		-0.0251	0.0157	0.0164
		-0.0388	0.0121	0.0082
		-0.0197	0.0108	0.0162
		-0.0567	0.0049	-0.0163
		-0.0715	0.0099	-0.0162
		-0.0648	-0.0036	0.0081
		-0.0611	0.0036	-0.0082
		-0.0129	0.0058	0.0403
		-0.0775	0.0003	-0.0244
		-0.0268	0.0049	0.0082
		-0.0314	0.0026	0.0083
		-0.0561	-0.0013	-0.0001
		-0.045	0.001	0.0159
		-0.0733	0.0026	0.0083
		-0.0943	0	0
		-0.0731	0.0072	0.0162
		-0.0737	-0.0011	0.0083
		-0.0561	0.0072	0.0243
		-0.0565	0.0025	0.0329
		-0.1015	0.0108	-0.0163
		-0.0671	0.0134	0.0165
		-0.0639	0.0108	0.0081
		-0.0853	-0.0109	0.0243
		-0.0725	-0.0024	0.0245
		-0.0913	0.0046	0.0078
		-0.1038	0.0049	-0.0244
		-0.0972	-0.0061	-0.0164
		-0.0743	0.0059	-0.0001
		-0.0817	-0.0025	0.0078
		-0.0655	0.0013	0.0082
		-0.095	-0.0072	0
		-0.0885	0.0034	-0.0084
		-0.1028	0.0023	0.008
		-0.1033	0.0131	-0.0001
		-0.0842	0.0082	0.0078
		-0.0681	0.0085	0.0082
		-0.0577	0.0098	0.0002
		-0.0569	-0.0026	0.0159
		-0.0981	0.0039	-0.008
		-0.0671	0.0085	0.0082
		-0.0495	0.0098	0.0165
		-0.0805	0.0023	0.008
		-0.093	-0.0061	0.0078
		-0.0591	0.0036	0.0162
		-0.0712	0.0026	-0.0162
		-0.0849	0.0036	-0.0082
		-0.0735	0.0117	0.0239
		-0.1012	-0.0049	0.008
		-0.0847	-0.0036	0.0081
		-0.0872	-0.0013	-0.0001
		-0.0847	-0.0013	0.016
		-0.0729	0.0062	0.0165
		-0.0736	0.0026	0.0002
		-0.0846	0.0026	-0.008
		-0.0952	0.0026	-0.0162
		-0.0523	0.0171	-0.008
		-0.0578	0.018	-0.0163
		-0.0552	0.0098	0.0165
		-0.0878	0.0072	-0.0082


 element
wave