Mozilla/5.0 (Macintosh; Intel Mac OS X 10_9_5) AppleWebKit/537.36 (KHTML, like Gecko) Chrome/45.0.2454.99 Safari/537.36

 standard_deviation

 standard_deviation_mean
	0	0.0141	-0.0929

 standard_deviation
	0	0.0001	0.0012

 slope_aggression
	0	0.0158	0.0334

 sum
	0	1.2923	7.3916

 raw
		0	0.0152	-0.0797
		0	0.0353	-0.0558
		0	-0.0049	-0.1751
		0	-0.0119	-0.1354
		0	-0.0049	-0.1354
		0	0.0352	-0.0478
		0	-0.0011	-0.0638
		0	0.0271	-0.0478
		0	0.015	-0.1354
		0	0.0188	-0.0957
		0	0.031	-0.0957
		0	0.0112	-0.1195
		0	0.0072	-0.0399
		0	0.0116	-0.0638
		0	0.0512	-0.0159
		0	0.0273	-0.0638
		0	0.0271	-0.1434
		0	-0.0011	-0.0957
		0	0.0067	-0.0638
		0	0.0351	-0.0399
		0	0.0198	-0.0797
		0	0.0313	-0.0957
		0	0.011	-0.0877
		0	0.0148	-0.1036
		0	-0.0011	-0.1036
		0	0.015	-0.1036
		0	0.015	-0.1195
		0	0.0271	-0.0797
		0	-0.0129	-0.1354
		0	0.0116	-0.1354
		0	-0.0083	-0.0877
		0	0.011	-0.1275
		0	0.031	-0.1354
		0	-0.004	-0.1195
		0	0.0273	-0.0957
		0	0.011	-0.0957
		0	0.0076	-0.1195
		0	0.011	-0.0957
		0	-0.0003	-0.0877
		0	-0.0123	-0.1592
		0	0.011	-0.0877
		0	0.0116	-0.0877
		0	-0.0049	-0.0957
		0	0.0076	-0.0558
		0	0.0311	-0.0957
		0	0.0072	-0.1354
		0	0.0072	-0.1195
		0	0.0152	-0.0957
		0	0.0392	-0.0399
		0	0.0188	-0.0638
		0	0.0072	-0.1036
		0	0.0271	-0.1195
		0	0.0192	-0.1195
		0	0.0393	-0.0478
		0	0.019	-0.0558
		0	0.0352	-0.0399
		0	0.019	-0.0399
		0	-0.0001	-0.1195
		0	0.019	-0.0957
		0	-0.008	-0.1195
		0	0.0273	-0.0399
		0	-0.0009	-0.1592
		0	0.0116	-0.1592
		0	0.0116	-0.0638
		0	-0.0011	-0.0558
		0	0.0067	-0.1195
		0	0.019	-0.0957
		0	0.015	-0.1354
		0	-0.0009	-0.1036
		0	0.015	-0.0558
		0	0.0188	-0.0239
		0	0.0148	-0.0558
		0	0.0152	-0.0957
		0	0.019	-0.0957
		0	-0.004	-0.0957
		0	0.0196	-0.1275
		0	0.019	-0.0558
		0	0.0311	-0.0558
		0	0.0192	-0.0638
		0	0.011	-0.1195
		0	0.0152	-0.1275


 element
wave