Mozilla/5.0 (Macintosh; Intel Mac OS X 10_9_5) AppleWebKit/537.36 (KHTML, like Gecko) Chrome/45.0.2454.99 Safari/537.36

 standard_deviation

 standard_deviation_mean
	0	0.0035	-0.0752

 standard_deviation
	0	0.0001	0.0009

 slope_aggression
	0	0.0154	0.0359

 sum
	0	0.8467	6.0782

 raw
		0	0.008	-0.0757
		0	-0.0124	-0.1076
		0	0.0082	-0.0757
		0	0.0203	-0.0757
		0	0.0082	-0.0917
		0	-0.0113	-0.0757
		0	-0.0034	-0.0837
		0	0.0159	-0.0518
		0	0.0002	-0.0678
		0	-0.0038	-0.0359
		0	-0.0001	-0.0917
		0	0.004	-0.0438
		0	0.004	-0.0518
		0	-0.0041	-0.1156
		0	-0.0121	-0.1156
		0	0.004	-0.0678
		0	0.0002	-0.0917
		0	0.008	-0.0438
		0	0.0002	-0.0757
		0	0.0086	-0.0917
		0	0.0078	-0.0678
		0	0.0282	-0.0279
		0	-0.0031	-0.0678
		0	0.0042	-0.0678
		0	-0.0229	-0.1474
		0	0.0006	-0.1076
		0	0.004	-0.0837
		0	0.004	-0.0917
		0	0.008	-0.1076
		0	0.0281	-0.0279
		0	-0.0034	-0.0837
		0	0.0082	-0.0518
		0	0.0281	-0.0279
		0	0.008	-0.0678
		0	-0.0041	-0.1076
		0	0.0201	-0.0119
		0	-0.0119	-0.0917
		0	-0.0038	-0.0757
		0	-0.0119	-0.1156
		0	0.0082	-0.1235
		0	-0.0041	-0.0438
		0	0.008	-0.0678
		0	-0.0034	-0.1076
		0	0.008	-0.0678
		0	-0.0124	-0.1235
		0	-0.0119	-0.0757
		0	-0.0001	-0.0917
		0	0.004	-0.0279
		0	0.0364	-0.0757
		0	-0.0043	-0.0757
		0	0.0166	-0.0678
		0	-0.0003	-0.1076
		0	-0.0111	-0.1156
		0	0.0002	-0.0837
		0	-0.0001	-0.0837
		0	-0.0199	-0.0837
		0	0.0042	-0.0837
		0	-0.0229	-0.1235
		0	0.0206	0.028
		0	0.0239	-0.0359
		0	0.0082	-0.0757
		0	0.0282	-0.0119
		0	0.0363	-0.0837
		0	0.0201	-0.0678
		0	-0.0326	-0.1235
		0	0.0203	-0.0279
		0	0.0006	-0.1076
		0	0.0163	-0.0678
		0	0.0006	-0.0917
		0	-0.0119	-0.0678
		0	-0.0038	-0.0359
		0	-0.0003	-0.0518
		0	-0.0229	-0.1315
		0	0.0038	-0.0837
		0	0.008	-0.0678
		0	-0.0153	-0.0917
		0	0.0158	-0.0678
		0	0.0086	-0.0518
		0	0.0163	-0.0438
		0	0.0076	-0.0757
		0	0.008	-0.0678


 element
wave