Mozilla/5.0 (Macintosh; Intel Mac OS X 10_9_5) AppleWebKit/537.36 (KHTML, like Gecko) Chrome/45.0.2454.93 Safari/537.36

 standard_deviation

 standard_deviation_mean
	0	-0.0244	-0.0794

 standard_deviation
	0	0.0001	0.001

 slope_aggression
	0	0.0151	0.0354

 sum
	0	1.9527	6.3645

 raw
		0	-0.0396	-0.0837
		0	-0.008	-0.0598
		0	-0.0204	-0.0438
		0	-0.0283	-0.0997
		0	-0.0205	-0.0997
		0	-0.0402	-0.1156
		0	-0.0163	-0.0837
		0	0.0041	-0.0199
		0	-0.0277	-0.0837
		0	-0.0157	-0.0438
		0	-0.0445	-0.0837
		0	-0.004	-0.0438
		0	-0.0398	-0.0358
		0	-0.0285	-0.0837
		0	-0.0238	-0.0757
		0	-0.0398	-0.0837
		0	-0.0278	-0.0598
		0	-0.0356	-0.0757
		0	-0.0241	-0.1156
		0	-0.0283	-0.0837
		0	-0.0238	-0.0438
		0	-0.0162	-0.0757
		0	-0.0081	-0.0837
		0	-0.0161	-0.1394
		0	-0.0282	-0.0997
		0	-0.0398	-0.0997
		0	-0.0285	-0.0358
		0	-0.0201	-0.0598
		0	-0.0277	-0.0678
		0	-0.0081	-0.0757
		0	-0.0204	-0.0837
		0	-0.008	-0.0757
		0	-0.0161	-0.0279
		0	-0.0438	-0.1394
		0	-0.0204	-0.0598
		0	-0.0201	-0.0279
		0	-0.0205	-0.0997
		0	-0.0162	-0.0678
		0	-0.0283	-0.1235
		0	-0.0201	-0.0757
		0	-0.0278	-0.0997
		0	-0.0406	-0.1076
		0	-0.0041	-0.0997
		0	-0.0282	-0.0039
		0	-0.0285	-0.0757
		0	-0.0243	-0.1156
		0	-0.0277	-0.1235
		0	-0.0081	-0.0997
		0	-0.0244	-0.0757
		0	-0.0402	-0.0757
		0	-0.0202	-0.0598
		0	-0.0362	-0.0757
		0	-0.0081	-0.0598
		0	-0.0241	-0.1156
		0	-0.0283	-0.0997
		0	-0.0436	-0.1394
		0	-0.0283	-0.1156
		0	-0.0162	-0.0997
		0	-0.0243	-0.0598
		0	-0.0041	0.0041
		0	-0.0285	-0.0358
		0	-0.0402	-0.1076
		0	-0.0368	-0.0598
		0	-0.0362	-0.1076
		0	-0.0158	-0.0358
		0	-0.0285	-0.0757
		0	-0.0082	-0.0757
		0	-0.0278	-0.0757
		0	-0.0163	-0.0199
		0	-0.0358	-0.0837
		0	-0.0001	-0.0438
		0	-0.0282	-0.0997
		0	-0.0081	-0.0358
		0	-0.0237	-0.0757
		0	-0.0438	-0.1474
		0	-0.0438	-0.1633
		0	-0.0282	-0.0997
		0	-0.0478	-0.1076
		0	-0.0001	-0.0757
		0	-0.0241	-0.0997
		0	-0.0241	-0.0678


 element
wave