Mozilla/5.0 (Macintosh; Intel Mac OS X 10_9_5) AppleWebKit/537.36 (KHTML, like Gecko) Chrome/45.0.2454.99 Safari/537.36

 standard_deviation

 standard_deviation_mean
	0	0.001	-0.0146

 standard_deviation
	0	0	0.0001

 slope_aggression
	0	0.0034	0.0129

 sum
	0	0.1793	1.243

 raw
		0	-0.0001	-0.02
		0	0.0042	-0.0279
		0	-0.0001	-0.0279
		0	-0.0001	0.0039
		0	0.0042	-0.0439
		0	0.0042	-0.004
		0	-0.0001	0.0039
		0	0.0002	-0.004
		0	0.0002	-0.02
		0	-0.0001	-0.02
		0	-0.0001	-0.004
		0	-0.0041	-0.02
		0	0.0042	-0.02
		0	0.0002	-0.0279
		0	0.004	0.0039
		0	0.0002	-0.02
		0	-0.0001	-0.02
		0	0.0002	-0.004
		0	0.0006	0.0039
		0	-0.0153	-0.004
		0	-0.0001	-0.004
		0	0.0002	-0.0279
		0	-0.0001	-0.004
		0	0.0042	-0.02
		0	0.0046	0.0199
		0	0.0009	-0.0279
		0	-0.0046	-0.004
		0	0.0038	0.0039
		0	-0.0003	-0.02
		0	-0.0038	0.0039
		0	-0.0038	-0.0279
		0	0.0002	-0.004
		0	0.0002	-0.004
		0	0.0002	-0.02
		0	0.0002	-0.004
		0	0.0002	-0.0279
		0	0.004	-0.0279
		0	-0.0001	-0.004
		0	-0.0001	-0.004
		0	0.0082	-0.0279
		0	0.0042	-0.02
		0	0.0002	-0.02
		0	0.0042	-0.02
		0	-0.0001	-0.02
		0	-0.0038	-0.004
		0	0.0002	-0.02
		0	0.0006	-0.004
		0	0.0042	-0.02
		0	0.004	-0.0279
		0	0.0042	-0.004
		0	0.0042	-0.02
		0	-0.0001	-0.02
		0	0.0082	-0.02
		0	-0.0001	-0.02
		0	-0.0038	-0.0279
		0	0.0002	-0.004
		0	0.0002	-0.02
		0	0.0042	-0.02
		0	0.0002	-0.0279
		0	0.0042	-0.02
		0	0.0006	-0.004
		0	0.0002	-0.004
		0	0.0002	-0.02
		0	0.0002	-0.02
		0	0.0002	-0.004
		0	0.0002	-0.02
		0	-0.0001	-0.02
		0	0.0006	-0.004
		0	-0.0038	-0.004
		0	0.004	-0.02
		0	0.0002	-0.0279
		0	0.0002	-0.0279
		0	0.004	-0.02
		0	0.0002	-0.004
		0	0.0042	-0.004
		0	-0.0001	-0.004
		0	-0.0056	-0.004
		0	0.0042	-0.0279
		0	0.0167	-0.0359
		0	0.0002	-0.02
		0	0.004	-0.02


 element
wave