Mozilla/5.0 (Linux; Android 5.1; XT1034 Build/LPB23.13-57) AppleWebKit/537.36 (KHTML, like Gecko) Chrome/45.0.2454.94 Mobile Safari/537.36

 standard_deviation

 standard_deviation_mean
	-0.0102	0.0087	-0.0162

 standard_deviation
	0.0014	0	0.0001

 slope_aggression
	0.0358	0.0075	0.0117

 sum
	2.5361	0.7243	1.3929

 raw
		-0.0367	-0.0001	0.0002
		-0.0573	0.0077	-0.0154
		-0.0159	0.0153	-0.0074
		-0.0118	0.0076	-0.0076
		0.0227	0.0038	-0.0151
		-0.0257	-0.004	-0.008
		-0.0396	0.0077	-0.0154
		0.0162	0.0116	-0.031
		0.0221	0.0192	-0.0308
		-0.0328	0.0038	-0.0074
		-0.0276	0.0038	-0.0229
		0.0002	0.0154	-0.031
		-0.0283	-0.0001	-0.0076
		0.0434	0.0115	-0.0306
		0.0105	0.0115	-0.0229
		0.051	0.0155	-0.0313
		-0.0103	0.0038	-0.0079
		-0.0271	0.0077	-0.0154
		0.0109	0.0116	-0.0233
		0.0079	0.0114	-0.015
		-0.0606	0.0076	0.0003
		-0.0465	0.0116	-0.0078
		0.004	-0.0001	-0.031
		-0.0703	0.0155	-0.0157
		-0.0475	0.0038	-0.0153
		0.0081	-0.0001	-0.0233
		-0.0172	0.0114	-0.0151
		0.0144	0.0038	-0.0235
		0.0356	0.0076	-0.0228
		0.0003	0.0154	-0.0154
		0.0145	0.0155	-0.0313
		0.0308	0.019	-0.0302
		-0.0013	0.0076	-0.0151
		-0.0204	0.0077	-0.0157
		-0.0393	0.0193	-0.0156
		-0.0501	0.0076	-0.0074
		0.0122	-0.0039	-0.0302
		0.0051	0.0077	-0.0156
		0.0034	0.0154	-0.0077
		-0.0238	0.0038	-0.0001
		-0.0732	0.0115	0
		-0.0182	0.0038	-0.0231
		0.011	0.0038	-0.0229
		-0.0519	0.0038	0.0079
		-0.0434	0.0038	0.0079
		0.0173	0.0153	-0.0306
		-0.0728	0.0038	-0.0077
		0.0525	0.0039	-0.0315
		-0.0642	0.0115	-0.0076
		-0.058	-0.0001	0
		-0.0199	0.0076	-0.0153
		0.0079	0.0153	-0.0229
		-0.0482	0.0077	-0.0078
		-0.0052	0.0078	-0.0237
		0.019	0.0194	-0.0157
		0.099	0.0077	-0.031
		0.0948	0.0114	-0.0228
		0.0428	0.0076	-0.0229
		0.0468	0.0038	-0.0378
		0.0232	0.0115	-0.0231
		0.0103	-0.0039	-0.0304
		0.0191	0.0038	-0.0231
		0.0411	0.0153	-0.0229
		0.0234	0.0038	-0.0306
		-0.1012	0.0114	0.0079
		0.0124	0.0038	-0.0154
		-0.0127	0.0038	-0.0077
		-0.053	0.0154	-0.0077
		-0.015	0.0117	-0.0317
		-0.0015	0.0077	-0.0233
		0.0238	0.023	-0.0229
		0.0277	0.0154	-0.0308
		-0.0371	-0.0001	-0.0072
		-0.0491	0.0116	-0.0078
		-0.0819	0.0105	0.0091
		-0.0633	0.0038	0.0078
		-0.0071	0.0192	-0.0153
		-0.0161	0.0116	-0.0233
		-0.0375	0.0193	-0.0078
		-0.0308	0.0077	-0.0156
		-0.0569	0.0077	-0.0001


 element
water