Mozilla/5.0 (Linux; Android 5.1; XT1034 Build/LPB23.13-57) AppleWebKit/537.36 (KHTML, like Gecko) Chrome/45.0.2454.94 Mobile Safari/537.36

 standard_deviation

 standard_deviation_mean
	0.3305	0.3863	0.2047

 standard_deviation
	0.5379	0.116	0.2584

 slope_aggression
	0.1958	0.0762	0.1772

 sum
	60.2952	33.5772	35.1578

 raw
		-0.0356	-0.016	-0.0205
		-0.0334	-0.0076	-0.0365
		-0.0292	-0.0088	-0.0282
		-0.0467	-0.0184	-0.0198
		-0.0386	-0.0087	-0.0287
		0.671	0.0345	0.4339
		-0.1285	-0.0223	-0.0689
		-0.0678	-0.0041	0.0685
		-0.6282	-0.1197	-0.1711
		-0.5784	0.201	-0.9961
		0.8072	-0.0471	-0.1381
		0.9973	-0.2135	-0.7313
		0.8222	-0.1123	-0.2333
		0.0853	-0.0941	-0.1143
		-0.9644	-0.0421	0.6274
		-0.996	-0.1979	0.6438
		-0.9843	-0.0585	0.6832
		0.5874	-0.2001	0.9175
		0.734	-0.0227	0.9296
		0.9083	0.0416	0.8879
		0.9752	0.1595	0.8632
		0.9243	0.1818	0.6385
		0.9011	0.2852	0.7324
		0.8495	0.3884	0.4619
		0.9062	0.4195	0.5086
		0.9136	0.4164	0.2123
		0.994	0.5722	0.4655
		0.8887	0.6454	0.59
		0.8919	0.7017	0.6406
		0.9421	0.8495	0.9673
		0.723	0.8772	0.6454
		-0.3767	0.8971	-0.9995
		-0.7186	0.8247	-0.6904
		-0.811	0.7592	-0.4906
		-0.9283	0.725	-0.1824
		-0.9616	0.6225	-0.1662
		-0.9696	0.5756	-0.0777
		0.9385	0.9098	-0.0016
		0.8759	0.8575	0.0467
		0.8047	0.8242	0.0902
		0.8002	0.7738	0.0768
		0.8112	0.6967	0.0795
		0.8123	0.6865	0.1044
		0.8253	0.5737	0.0273
		0.8243	0.5615	0.0352
		0.8238	0.5614	0.059
		0.8216	0.5399	0.0189
		0.7863	0.6375	0.0035
		-0.7646	0.0807	-0.0626
		-0.7585	0.1941	-0.0566
		-0.7622	0.2229	-0.1014
		-0.7683	0.2593	-0.1116
		-0.7585	0.3552	-0.1578
		-0.7371	0.4048	-0.276
		-0.7295	0.5028	-0.2709
		-0.6714	0.6133	-0.4304
		-0.6729	0.6682	-0.419
		-0.5892	0.7101	-0.6279
		-0.5462	0.778	-0.6925
		-0.1827	0.8562	-0.9992
		0.4901	0.8736	-0.2228
		0.6994	0.8696	0.322
		0.9593	0.8524	0.9805
		0.9748	0.8255	0.9985
		0.9995	0.7663	0.8975
		0.9866	0.7116	0.752
		0.9811	0.6724	0.7049
		0.9629	0.6122	0.5864
		0.9493	0.5438	0.5279
		0.9567	0.4763	0.604
		0.94	0.3652	0.5673
		0.9448	0.2837	0.6396
		0.9512	0.2486	0.6819
		0.9482	0.2002	0.6867
		0.9397	0.1394	0.6658
		0.948	0.1649	0.6654
		0.9495	0.1342	0.6956
		0.9376	0.0532	0.6972
		0.9426	0.0635	0.6962
		0.9483	0.0783	0.7049
		0.9487	0.1021	0.6727


 element
wave