Mozilla/5.0 (Macintosh; Intel Mac OS X 10_9_5) AppleWebKit/537.36 (KHTML, like Gecko) Chrome/45.0.2454.99 Safari/537.36

 standard_deviation

 standard_deviation_mean
	0	0.0048	-0.106

 standard_deviation
	0	0.0001	0.0008

 slope_aggression
	0	0.0132	0.0355

 sum
	0	0.8703	8.4255

 raw
		0	0.0113	-0.1076
		0	0.0115	-0.1314
		0	0.0071	-0.1076
		0	0.0192	-0.0996
		0	0.0192	-0.0678
		0	-0.0086	-0.1473
		0	0.0073	-0.0598
		0	0.0075	-0.1552
		0	0.0035	-0.1076
		0	0.0033	-0.0757
		0	0.0079	-0.1155
		0	-0.008	-0.1552
		0	0.003	-0.0996
		0	-0.0005	-0.1314
		0	-0.0088	-0.1155
		0	-0.0094	-0.1076
		0	0.0035	-0.0917
		0	0.0113	-0.0757
		0	0.0239	-0.0757
		0	0.0392	-0.1076
		0	-0.012	-0.1473
		0	0.0035	-0.1076
		0	-0.008	-0.1394
		0	0.0035	-0.1076
		0	-0.01	-0.0917
		0	-0.001	-0.1076
		0	-0.0088	-0.1314
		0	-0.0129	-0.171
		0	0.0075	-0.1394
		0	0.0239	-0.0678
		0	0.0194	-0.0678
		0	-0.0088	-0.1314
		0	0.003	-0.0678
		0	-0.0001	-0.1473
		0	0.0274	-0.0996
		0	-0.0088	-0.1155
		0	-0.0088	-0.1394
		0	0.0194	-0.0678
		0	0.0039	-0.1394
		0	0.0113	-0.0917
		0	-0.0008	-0.0917
		0	0.0192	-0.0917
		0	-0.0169	-0.1314
		0	-0.0088	-0.0996
		0	0.0033	-0.0917
		0	-0.0086	-0.171
		0	0.0073	-0.1076
		0	0.0035	-0.0359
		0	0.0279	-0.0678
		0	0.0196	-0.1155
		0	0.0275	-0.0996
		0	0.0113	-0.0757
		0	0.0314	-0.0598
		0	-0.001	-0.0996
		0	-0.0169	-0.1473
		0	0.0035	-0.0996
		0	0.0075	-0.0678
		0	0.0113	-0.0757
		0	-0.0091	-0.1155
		0	0.0121	-0.0917
		0	0.0035	-0.1473
		0	0.0233	-0.0917
		0	0.0235	-0.1314
		0	-0.0088	-0.1076
		0	-0.0091	-0.0917
		0	0.0035	-0.0996
		0	0.0194	-0.0598
		0	0.0069	-0.1076
		0	0.0039	-0.0996
		0	0.0317	-0.0518
		0	0.0073	-0.0678
		0	-0.0005	-0.1076
		0	0.0191	-0.0678
		0	0.0033	-0.1314
		0	-0.0169	-0.1394
		0	-0.0005	-0.1314
		0	-0.0001	-0.1314
		0	0.0028	-0.1314
		0	-0.0129	-0.1155
		0	-0.0086	-0.0678
		0	-0.0129	-0.1552


 element
wave