Mozilla/5.0 (Linux; Android 5.0.2; XT1034 Build/LXB22.46-32) AppleWebKit/537.36 (KHTML, like Gecko) Chrome/45.0.2454.94 Mobile Safari/537.36

 standard_deviation

 standard_deviation_mean
	-0.0357	-0.0029	-0.0039

 standard_deviation
	0.0004	0	0.0002

 slope_aggression
	0.0203	0.0073	0.0174

 sum
	2.9043	0.4967	0.9889

 raw
		0	-0.0001	-0.0125
		-0.0057	-0.006	0.0124
		-0.0293	-0.0027	0.0042
		-0.0257	-0.0061	-0.0043
		0.0033	-0.005	0.0124
		-0.0476	-0.0061	-0.0126
		-0.0734	-0.0048	-0.0294
		-0.0435	0.0049	-0.0209
		-0.0353	-0.0076	0.0042
		-0.0576	0.0036	-0.0125
		-0.0697	0.0003	-0.0128
		-0.0385	-0.0027	0.0042
		-0.0122	0.0077	-0.0044
		-0.0253	-0.0047	-0.0043
		-0.0102	-0.0111	0.0124
		-0.0291	-0.0024	0.0124
		-0.0348	-0.0047	0.004
		-0.0273	-0.0027	-0.0041
		-0.0419	-0.0074	-0.0125
		-0.0427	-0.0087	-0.0041
		-0.0694	-0.0087	-0.0124
		-0.0412	0.0023	-0.0124
		-0.045	0.0039	-0.038
		0.0024	0.0013	0.0207
		-0.0138	0.0017	0.004
		-0.0282	0.0023	0.0124
		-0.0266	0.01	0.004
		-0.0564	-0.0085	-0.0127
		0.0028	0.0151	0.0292
		-0.0487	-0.001	-0.0043
		-0.0623	-0.0061	-0.0043
		-0.0675	-0.0111	-0.0208
		-0.0107	0.0046	0.0042
		-0.0054	0.0023	0.0041
		-0.0448	-0.0074	-0.0208
		-0.043	-0.0124	-0.0041
		-0.0191	-0.0074	0.0124
		-0.0212	0.0059	0.0041
		-0.0543	-0.0037	-0.0208
		-0.0515	-0.01	-0.0123
		-0.0401	0.0086	-0.0043
		-0.0353	-0.0087	0.0124
		-0.0696	-0.0014	-0.0289
		-0.0559	-0.0087	-0.0207
		-0.0142	0.0027	0.0208
		-0.0411	-0.0087	-0.0041
		-0.0362	0.0086	0.0041
		-0.0357	0.01	-0.0043
		-0.0184	0.005	0.0124
		-0.0641	-0.0058	-0.0129
		-0.0577	-0.019	-0.0032
		-0.0272	-0.0111	0.0041
		-0.038	-0.0051	-0.0289
		-0.0484	-0.0063	-0.0123
		-0.0278	0	0.0124
		-0.0457	-0.016	-0.0041
		-0.0355	-0.0014	0.0041
		-0.0435	0.0036	-0.0125
		-0.0415	-0.0024	-0.0293
		-0.0072	0.0073	0.0041
		-0.0414	-0.0024	-0.0209
		-0.0415	-0.0061	-0.0209
		-0.0411	-0.0027	-0.0205
		-0.0541	-0.0061	-0.0209
		-0.0435	-0.0061	-0.0043
		-0.0316	-0.0037	0.0041
		-0.071	-0.0085	-0.0294
		-0.0392	-0.0087	0.0124
		-0.0581	-0.0087	-0.0124
		-0.0506	-0.006	0.0124
		-0.0818	-0.01	-0.0123
		-0.0356	-0.001	0.0208
		-0.0531	-0.0027	-0.0205
		0.0009	-0.005	0.0207
		-0.0427	-0.0124	-0.0124
		-0.0204	-0.0162	0.0042
		0.0021	0.0082	0.0042
		-0.0317	0.0026	-0.0211
		-0.0101	-0.01	0.0042
		-0.0069	-0.006	0.0124
		-0.0099	0.0188	0.0124


 element
wave