Mozilla/5.0 (Macintosh; Intel Mac OS X 10_9_5) AppleWebKit/537.36 (KHTML, like Gecko) Chrome/45.0.2454.93 Safari/537.36

 standard_deviation

 standard_deviation_mean
	0	0.0124	-0.0901

 standard_deviation
	0	0.0001	0.0012

 slope_aggression
	0	0.0157	0.0341

 sum
	0	1.2456	7.137

 raw
		0	0.016	-0.0877
		0	0.0159	-0.1354
		0	0.0198	-0.0877
		0	-0.0235	-0.1988
		0	-0.0045	-0.1116
		0	0.004	-0.1275
		0	0.0199	-0.0558
		0	0.0201	-0.0558
		0	0.032	-0.0399
		0	0.0321	-0.0399
		0	0.024	-0.0797
		0	0.0321	-0.0797
		0	0.0241	-0.0877
		0	-0.0041	-0.1275
		0	0.0163	-0.0957
		0	-0.0232	-0.1593
		0	-0.0076	-0.1116
		0	0.032	-0.0718
		0	0.0158	-0.1116
		0	0.0004	-0.1116
		0	-0.0001	-0.1116
		0	0.0119	-0.0718
		0	0.0359	-0.0558
		0	-0.0164	-0.1275
		0	-0.0003	-0.1116
		0	0.0117	-0.0877
		0	0.0401	-0.0797
		0	0.0038	-0.1195
		0	0.016	-0.1116
		0	-0.0083	-0.1195
		0	0.004	-0.0957
		0	0.024	-0.1116
		0	-0.0036	-0.1513
		0	0.012	-0.0797
		0	0.0006	-0.0797
		0	0.016	-0.0877
		0	0.0044	-0.0957
		0	-0.0003	-0.1116
		0	0.024	-0.0558
		0	-0.0153	-0.0957
		0	0.0045	-0.1116
		0	0.012	-0.0797
		0	0.0119	-0.1116
		0	0.004	-0.1195
		0	0.0322	-0.0957
		0	0.0004	-0.0478
		0	0.0163	-0.0399
		0	0.0239	-0.0319
		0	0.0159	-0.0558
		0	0.004	-0.0797
		0	0.024	-0.0718
		0	0.0402	-0.0478
		0	0.0199	-0.0718
		0	0.012	-0.1672
		0	0.0004	-0.0319
		0	0.024	-0.0718
		0	0.0159	-0.0877
		0	0.0199	-0.1195
		0	0.0159	-0.0957
		0	0.024	-0.0797
		0	0.0004	-0.1354
		0	0.0201	-0.0478
		0	0.0321	-0.0399
		0	0.0163	-0.0957
		0	0.0401	-0.0478
		0	0.016	-0.1195
		0	0.0123	-0.1513
		0	0.0044	-0.0718
		0	-0.0001	-0.1195
		0	0.0241	-0.0877
		0	0.012	-0.0797
		0	0.0201	-0.0319
		0	0.0239	-0.0478
		0	0.012	-0.1116
		0	0.012	-0.1195
		0	0.004	-0.0478
		0	0.0198	-0.0399
		0	-0.0043	-0.0319
		0	0.0159	-0.0718
		0	0.016	-0.0877
		0	-0.0161	-0.1593


 element
wave