Mozilla/5.0 (Macintosh; Intel Mac OS X 10_9_5) AppleWebKit/537.36 (KHTML, like Gecko) Chrome/45.0.2454.93 Safari/537.36

 standard_deviation

 standard_deviation_mean
	0	0.0003	-0.0731

 standard_deviation
	0	0.0002	0.0013

 slope_aggression
	0	0.0152	0.037

 sum
	0	0.9006	5.8376

 raw
		0	-0.012	-0.0957
		0	-0.028	-0.1036
		0	0.004	-0.0638
		0	-0.0162	-0.1116
		0	-0.0122	-0.0957
		0	-0.012	-0.0957
		0	0.0041	-0.0638
		0	0.0038	-0.1116
		0	-0.0115	-0.1434
		0	-0.0113	-0.1116
		0	-0.0079	-0.0797
		0	0.0121	-0.0957
		0	-0.0155	-0.1355
		0	0.0001	-0.0638
		0	-0.0113	-0.0638
		0	0.0041	-0.0717
		0	-0.0115	-0.0957
		0	-0.0122	-0.0957
		0	0.0121	-0.0398
		0	-0.0272	-0.0797
		0	-0.0074	-0.0957
		0	0.0001	-0.0638
		0	0.0323	-0.0239
		0	-0.0079	-0.1036
		0	0.008	-0.0797
		0	-0.0115	-0.0318
		0	0.0044	-0.0239
		0	0.012	-0.0159
		0	0.004	-0.0398
		0	-0.0079	-0.0638
		0	-0.012	-0.0957
		0	0.0243	-0.0239
		0	0.004	-0.0717
		0	-0.016	-0.0797
		0	-0.0205	-0.1116
		0	0.004	-0.0797
		0	0.0124	-0.0558
		0	-0.0079	-0.0717
		0	0.004	-0.0797
		0	0.0079	-0.0558
		0	-0.0115	-0.1196
		0	0.0082	-0.0318
		0	0.0202	-0.0239
		0	0.0044	-0.0797
		0	0.0282	-0.0318
		0	0.0041	-0.1036
		0	0.0004	-0.1355
		0	-0.0075	-0.0558
		0	-0.012	-0.1036
		0	0.0122	-0.0717
		0	0.0001	-0.0638
		0	0.0082	-0.0159
		0	0.012	-0.0318
		0	0.0001	-0.0957
		0	0.0122	-0.0318
		0	0.0323	0.0081
		0	0.0079	-0.0239
		0	-0.0162	-0.0159
		0	0.004	-0.0558
		0	0.0041	-0.0717
		0	-0.028	-0.1434
		0	-0.0195	-0.1593
		0	-0.0075	-0.1036
		0	0.0124	-0.0558
		0	0.0121	-0.0239
		0	0.0323	-0.0318
		0	0.0202	-0.0239
		0	0.0121	-0.0957
		0	-0.0001	-0.0558
		0	-0.0002	-0.0717
		0	0.0079	-0.0318
		0	-0.0001	-0.0797
		0	0.0006	-0.1355
		0	-0.0079	-0.1116
		0	-0.0115	-0.0318
		0	0.004	-0.0957
		0	0.0118	-0.0638
		0	-0.0155	-0.1355
		0	0.0404	-0.0318
		0	-0.0122	-0.1036
		0	-0.0153	-0.0957


 element
wave