Mozilla/5.0 (Linux; Android 5.0.2; XT1034 Build/LXB22.46-32) AppleWebKit/537.36 (KHTML, like Gecko) Chrome/45.0.2454.94 Mobile Safari/537.36

 standard_deviation

 standard_deviation_mean
	0.2579	-0.0124	0.0211

 standard_deviation
	0.1894	0.0001	0.0008

 slope_aggresion
	0.0302	0.009	0.0223

 sum
	70.1742	2.4991	4.5257

 raw
		0.3004	-0.0155	0
		0.3333	-0.0233	0.0077
		0.3223	-0.0233	0
		0.3075	-0.0233	-0.0156
		0.337	-0.0118	0.0078
		0.3477	-0.0278	0.0396
		0.3195	-0.0117	0
		0.2746	-0.0156	-0.0078
		0.275	-0.0118	0.039
		0.2011	-0.0193	-0.0386
		0.2158	-0.0193	0
		0.2008	-0.0078	-0.0156
		0.1794	-0.0312	0
		0.1595	-0.0234	-0.0078
		0.135	-0.0235	-0.0391
		0.147	-0.0078	0.0155
		0.0982	0	0.0156
		0.0558	-0.0039	-0.0078
		0.0492	-0.0232	0.0077
		0.0611	-0.0117	0.0311
		0.0339	0	0.023
		-0.0519	0	-0.0467
		-0.0181	-0.0117	0
		-0.0753	-0.0119	-0.0473
		-0.0388	-0.004	0
		-0.0494	-0.0117	-0.0156
		-0.0251	-0.0194	0.0155
		-0.0592	0	-0.0158
		-0.0303	-0.004	0.0468
		-0.0603	-0.0079	0.0235
		-0.1276	0	-0.0313
		-0.1141	0	0.0236
		-0.1598	-0.0078	-0.0078
		-0.1734	-0.0078	0.0077
		-0.2031	-0.0118	0.0234
		-0.2558	-0.0038	0.015
		-0.2657	-0.0039	0.031
		-0.3058	0	0.0077
		-0.3444	0	0.0158
		-0.3927	-0.0119	-0.0396
		-0.3872	0.0077	0.0155
		-0.3931	-0.0079	0.0314
		-0.4253	0.0077	0.0231
		-0.4113	0	0.0306
		-0.5167	0.0038	-0.0312
		-0.4988	0.0038	0.0076
		-0.4902	0.027	0.054
		-0.5646	0.0309	0.0077
		-0.539	0.0115	0.0385
		-0.5621	0.0039	0.0395
		-0.5943	0.0039	0.0156
		-0.621	0.0115	0.0153
		-0.6515	0.0228	0.0305
		-0.6047	-0.0039	0.0387
		-0.6617	0.0194	0.0311
		-0.6243	0.0156	0.0702
		-0.687	0.0117	0.0392
		-0.6492	0	0.0464
		-0.5644	0.0038	0.0694
		-0.5413	0.0078	0.0392
		-0.4327	0.0117	0.0546
		-0.2518	0.0195	0.0624
		-0.0468	0.0078	0.0546
		0.1252	-0.004	0.047
		0.3617	0.0116	0.0544
		0.5164	0.0117	0.0548
		0.6806	0.0078	0.0624
		0.6732	-0.0119	0.0629
		0.7411	-0.0117	0.0466
		0.8403	0	0.0546
		0.7966	-0.0234	0.0544
		0.8416	-0.0078	0.0308
		0.8465	-0.0116	0.0231
		0.8773	-0.0156	0.0544
		0.8808	-0.0117	0.0464
		0.8803	-0.0077	0.0307
		0.8758	-0.0159	0.0395
		0.8749	-0.0156	0.0621
		0.8567	-0.0195	0.0466
		0.8804	-0.0196	0.0861
		0.8869	-0.0118	0.0624
		0.8939	-0.0077	0.0768
		0.8952	-0.0039	0.0614
		0.8485	-0.035	0.0544
		0.8879	-0.0158	0.1099
		0.8813	-0.0117	0.0542
		0.8515	-0.0159	0
		0.8177	-0.0349	-0.0156
		0.8632	-0.0272	0.0774
		0.8579	-0.0272	0.0774
		0.8425	-0.0232	0.0617
		0.8103	-0.027	0.0307
		0.8204	-0.0157	0.0235
		0.8146	-0.0236	0.047
		0.8023	-0.0274	0.0468
		0.7813	-0.0274	0.039
		0.7707	-0.035	0.0466
		0.7559	-0.0236	0.0313
		0.7428	-0.0197	0.0078
		0.7229	-0.0431	0.0313
		0.7107	-0.0352	0.0312
		0.73	-0.0196	0.0548
		0.6848	-0.0314	0.0392
		0.6518	-0.0273	0.0077
		0.6259	-0.0391	0.0468
		0.6278	-0.004	0.0631
		0.4992	-0.0387	-0.1083
		0.5598	-0.0197	0.0235
		0.5242	-0.0234	-0.0078
		0.5423	-0.0079	0.0468
		0.493	-0.0118	0.0235
		0.4751	-0.0119	0.0393
		0.4302	-0.0273	0.0077
		0.4187	-0.0272	-0.0078
		0.4073	-0.0313	-0.0079
		0.4121	0	0.0077
		0.3805	-0.0275	0.0078
		0.3807	0.0039	0.0157
		0.3344	-0.0156	-0.0078
		0.3206	-0.0157	-0.0079
		0.3224	-0.0235	0.0156
		0.3007	-0.0236	-0.0079
		0.3182	-0.0236	0.0313
		0.3034	-0.031	0.0155
		0.3035	-0.0119	0.0078
		0.3055	-0.0039	0.0077
		0.2951	-0.0274	0.0156
		0.2914	-0.0233	0.0077
		0.3	-0.0116	0.0076
		0.3143	-0.0077	0.023
		0.2913	-0.0039	-0.0078
		0.2959	-0.0195	0
		0.3077	-0.0195	0.0155
		0.3114	-0.0234	0.0155
		0.3049	-0.0234	0.0155
		0.3052	-0.0078	0.0155
		0.3027	-0.0194	0.0232
		0.2958	-0.0233	0.0155
		0.2967	-0.0117	0.0077
		0.2972	-0.0234	0.0077
		0.3116	-0.0272	0.031
		0.3037	-0.0039	0.0077
		0.3047	-0.0157	0.0313
		0.2976	-0.0235	0.0234
		0.2789	-0.0116	-0.0077
		0.2973	-0.0233	0.0155
		0.2887	-0.0117	0
		0.2788	-0.0236	0
		0.3055	-0.0156	0.0155
		0.3017	-0.0197	0.0078
		0.3002	-0.0194	0.0154
		0.3014	-0.0156	0.0155
		0.2854	-0.0157	-0.0079
		0.2962	-0.0117	0.0077
		0.31	-0.0239	0.0398
		0.3075	-0.0197	0.0235
		0.3073	-0.0233	0.0155
		0.302	-0.0115	0.0076
		0.306	-0.0238	0.0237
		0.2925	-0.023	0.0076
		0.2935	-0.0197	0


 element
wave