Mozilla/5.0 (Macintosh; Intel Mac OS X 10_9_5) AppleWebKit/537.36 (KHTML, like Gecko) Chrome/45.0.2454.93 Safari/537.36

 standard_deviation

 standard_deviation_mean
	0	0.0628	0.1759

 standard_deviation
	0	0.0002	0.001

 slope_aggresion
	0	0.017	0.0374

 sum
	0	10.0459	28.1481

 raw
		0	0.0675	0.1351
		0	0.0598	0.1746
		0	0.0916	0.2451
		0	0.0603	0.1982
		0	0.0485	0.1824
		0	0.0606	0.1982
		0	0.0991	0.2217
		0	0.0483	0.1746
		0	0.0683	0.1824
		0	0.0686	0.1667
		0	0.0563	0.1824
		0	0.0565	0.1667
		0	0.0873	0.2138
		0	0.0563	0.1667
		0	0.0726	0.1667
		0	0.0483	0.143
		0	0.0483	0.1667
		0	0.0365	0.1746
		0	0.0678	0.1982
		0	0.0525	0.1824
		0	0.0411	0.143
		0	0.0683	0.0955
		0	0.077	0.2138
		0	0.0726	0.1824
		0	0.0603	0.1824
		0	0.0726	0.1272
		0	0.0565	0.1667
		0	0.0757	0.1588
		0	0.0754	0.1982
		0	0.0563	0.1746
		0	0.0399	0.2217
		0	0.0763	0.206
		0	0.0283	0.1193
		0	0.0565	0.1746
		0	0.0563	0.143
		0	0.0757	0.2138
		0	0.0718	0.1824
		0	0.0407	0.1667
		0	0.0686	0.1982
		0	0.0726	0.1588
		0	0.0598	0.1667
		0	0.0565	0.1667
		0	0.0611	0.143
		0	0.0807	0.2138
		0	0.0678	0.1824
		0	0.0563	0.1351
		0	0.0754	0.1746
		0	0.0797	0.2451
		0	0.0483	0.1272
		0	0.0606	0.1824
		0	0.0365	0.143
		0	0.0487	0.1588
		0	0.0608	0.1588
		0	0.0525	0.1667
		0	0.0598	0.1272
		0	0.0596	0.1588
		0	0.0402	0.2138
		0	0.0606	0.206
		0	0.0523	0.1272
		0	0.0525	0.1351
		0	0.0568	0.1588
		0	0.0683	0.1824
		0	0.0568	0.143
		0	0.0603	0.206
		0	0.0927	0.143
		0	0.0686	0.1588
		0	0.0763	0.1746
		0	0.0606	0.1588
		0	0.0523	0.1351
		0	0.0876	0.1746
		0	0.0757	0.1982
		0	0.0686	0.2138
		0	0.0723	0.2451
		0	0.0606	0.1588
		0	0.0323	0.1824
		0	0.0686	0.1667
		0	0.0675	0.1746
		0	0.0563	0.1588
		0	0.077	0.1351
		0	0.0606	0.143
		0	0.0485	0.1746
		0	0.0565	0.143
		0	0.0754	0.1824
		0	0.0598	0.1667
		0	0.0686	0.1982
		0	0.0763	0.206
		0	0.0616	0.1351
		0	0.0763	0.1982
		0	0.0873	0.1667
		0	0.0763	0.206
		0	0.0489	0.1588
		0	0.0683	0.1824
		0	0.0364	0.143
		0	0.0565	0.143
		0	0.0794	0.1824
		0	0.0726	0.1982
		0	0.0279	0.1746
		0	0.0596	0.2373
		0	0.0951	0.2528
		0	0.0876	0.1351
		0	0.0603	0.1667
		0	0.0718	0.1746
		0	0.0678	0.1824
		0	0.0718	0.206
		0	0.0565	0.1746
		0	0.0757	0.2606
		0	0.0723	0.1982
		0	0.0754	0.1746
		0	0.0603	0.1746
		0	0.0757	0.1982
		0	0.0519	0.143
		0	0.0927	0.1824
		0	0.0603	0.1982
		0	0.0763	0.1746
		0	0.0523	0.1824
		0	0.0689	0.1824
		0	0.0362	0.1351
		0	0.0686	0.1746
		0	0.0406	0.1982
		0	0.0406	0.143
		0	0.0485	0.1193
		0	0.0683	0.1824
		0	0.0797	0.206
		0	0.0598	0.1982
		0	0.0202	0.1272
		0	0.0683	0.1746
		0	0.0726	0.1667
		0	0.0732	0.1272
		0	0.0406	0.1667
		0	0.0813	0.2138
		0	0.0603	0.1982
		0	0.0718	0.143
		0	0.0525	0.206
		0	0.0519	0.1667
		0	0.0873	0.2606
		0	0.0797	0.2138
		0	0.0883	0.2373
		0	0.0797	0.1824
		0	0.0483	0.1034
		0	0.0407	0.1272
		0	0.0485	0.1667
		0	0.0407	0.1351
		0	0.0723	0.206
		0	0.0529	0.143
		0	0.0683	0.1824
		0	0.0479	0.1982
		0	0.0323	0.1034
		0	0.0603	0.2528
		0	0.0606	0.1824
		0	0.0483	0.1351
		0	0.0797	0.1982
		0	0.0598	0.1746
		0	0.0807	0.2606
		0	0.0487	0.1746
		0	0.0726	0.1824
		0	0.0525	0.1351
		0	0.0563	0.143
		0	0.0686	0.2451
		0	0.0715	0.1982
		0	0.0596	0.1824
		0	0.0686	0.1746


 element
wave