Mozilla/5.0 (iPhone; CPU iPhone OS 7_1_2 like Mac OS X) AppleWebKit/537.51.2 (KHTML, like Gecko) Version/7.0 Mobile/11D257 Safari/9537.53

 standard_deviation

 standard_deviation_mean
	-0.466	-0.2406	-0.5015

 standard_deviation
	0.0971	0.1167	0.1969

 slope_aggression
	0.0726	0.1089	0.1127

 sum
	37.9719	26.3891	44.5175

 raw
		0	-0.0001	-0.0634
		0	-0.0001	-0.0634
		0	-0.0001	-0.0634
		0	-0.0001	-0.0634
		0	-0.0001	-0.0634
		0	-0.0001	-0.0634
		0	-0.0001	-0.0634
		0	-0.0001	-0.0634
		0	-0.0001	-0.0634
		0	-0.0001	-0.0634
		-0.0316	-0.4677	-0.0625
		-0.1401	-0.4042	-0.3795
		-0.4632	-0.2702	-0.9669
		-0.6234	-0.2505	-0.9783
		-0.7975	-0.3162	-0.7322
		-0.8358	-0.3783	-0.6099
		-0.8515	-0.4958	-0.6131
		-0.8121	-0.5507	-0.8096
		-0.7359	-0.6601	-0.9597
		-0.5258	-0.8181	-0.9385
		-0.4656	-0.8393	-0.9039
		-0.4202	-0.8446	-0.8415
		-0.3884	-0.7013	-0.6146
		-0.3884	-0.7013	-0.6146
		-0.4965	-0.397	-0.6903
		-0.5268	-0.2976	-0.7073
		-0.6206	-0.095	-0.7504
		-0.6892	-0.0096	-0.8351
		-0.782	0.092	-0.9995
		-0.826	0.1297	-0.9953
		-0.8606	0.1626	-0.9586
		-0.852	0.0928	-0.9498
		-0.8098	-0.0031	-0.9823
		-0.7015	-0.2773	-1
		-0.6251	-0.4256	-0.9855
		-0.4541	-0.6632	-0.8698
		-0.3939	-0.7251	-0.8311
		-0.3749	-0.7155	-0.8174
		-0.4648	-0.4479	-0.9055
		-0.4648	-0.4479	-0.9055
		-0.5724	-0.137	-0.9405
		-0.6318	-0.0364	-0.9202
		-0.716	0.0933	-0.917
		-0.7542	0.1358	-0.9445
		-0.8407	0.1748	-0.9978
		-0.8637	0.1489	-0.9978
		-0.8684	0.0739	-0.9761
		-0.8351	-0.1293	-0.9275
		-0.8068	-0.2639	-0.904
		-0.7569	-0.5174	-0.9588
		-0.7199	-0.6461	-1
		-0.6866	-0.7488	-0.8661
		-0.6554	-0.7589	-0.0787
		-0.5748	-0.64	0.2169
		-0.2717	-0.2323	0.2221
		-0.1066	-0.0901	0.2255
		0.0427	0.0516	0.1925
		0.0845	0.4038	-0.2315
		-0.0471	0.5374	-0.6604
		-0.5256	0.5837	-0.9652
		-0.7393	0.536	-0.6274
		-0.8198	0.3385	-0.2949
		-0.842	0.1647	-0.1597
		-0.8317	-0.2559	-0.4213
		-0.8148	-0.4308	-0.7659
		-0.7911	-0.6406	-0.959
		-0.7674	-0.6729	-0.7557
		-0.7316	-0.657	-0.4359
		-0.5345	-0.4882	0.0266
		-0.3879	-0.3089	0.0494
		-0.1396	-0.0534	0.1721
		-0.1729	-0.0473	0.1402
		-0.2716	-0.2097	-0.0659
		-0.3141	-0.2505	0.0273
		-0.3141	-0.2505	0.0273
		-0.2654	-0.3004	0.1194
		-0.1989	-0.3369	0.2551
		-0.1262	-0.4157	0.0769
		-0.0856	-0.444	0.058
		-0.0436	-0.5056	0.097
		-0.0254	-0.5341	0.0887


 element
wave