Mozilla/5.0 (iPhone; CPU iPhone OS 8_4_1 like Mac OS X) AppleWebKit/600.1.4 (KHTML, like Gecko) Version/8.0 Mobile/12H321 Safari/600.1.4

 standard_deviation

 standard_deviation_mean
	0.0011	0.0031	0.0145

 standard_deviation
	0	0	0

 slope_aggression
	0	0.0001	0.0001

 sum
	0.2708	0.5047	2.3336

 raw
		-0.0002	0.0003	0.0155
		-0.0004	0.0007	0.0148
		-0.0007	0.001	0.0144
		-0.0008	0.0012	0.0147
		-0.0011	0.0015	0.0143
		-0.0012	0.0015	0.0144
		-0.0014	0.0017	0.0142
		-0.0016	0.0019	0.0139
		-0.0017	0.002	0.014
		-0.002	0.0024	0.014
		-0.0023	0.0028	0.014
		-0.0026	0.0029	0.0139
		-0.0026	0.003	0.0141
		-0.0025	0.0031	0.014
		-0.0023	0.003	0.0139
		-0.0022	0.0033	0.0137
		-0.0022	0.0033	0.0139
		-0.0021	0.0033	0.0138
		-0.002	0.0031	0.014
		-0.0019	0.0033	0.0139
		-0.0018	0.0034	0.014
		-0.0017	0.0035	0.0141
		-0.0017	0.0034	0.0141
		-0.0017	0.0035	0.0141
		-0.0015	0.0037	0.0143
		-0.0013	0.0038	0.0141
		-0.0013	0.004	0.0141
		-0.0011	0.0042	0.014
		-0.001	0.0041	0.014
		-0.0007	0.0042	0.0142
		-0.0006	0.0043	0.0141
		-0.0005	0.0044	0.0142
		-0.0005	0.0044	0.014
		-0.0003	0.0044	0.0141
		-0.0002	0.0046	0.014
		0	0.0048	0.0136
		0	0.0048	0.0136
		0.0002	0.0048	0.0138
		0.0001	0.0047	0.0136
		0.0002	0.0045	0.0139
		0.0002	0.0043	0.0141
		0.0003	0.0042	0.0141
		0.0003	0.0039	0.0142
		0.0004	0.0038	0.0143
		0.0004	0.0038	0.0143
		0.0004	0.0038	0.0142
		0.0006	0.0041	0.0141
		0.0006	0.0041	0.014
		0.0007	0.004	0.014
		0.0008	0.004	0.0141
		0.0009	0.0041	0.014
		0.0009	0.0041	0.0141
		0.001	0.004	0.0142
		0.001	0.004	0.0144
		0.0011	0.0041	0.0142
		0.0012	0.0041	0.0141
		0.0013	0.0041	0.014
		0.0013	0.004	0.0138
		0.0014	0.0041	0.014
		0.0014	0.0041	0.0141
		0.0015	0.0039	0.0145
		0.0015	0.0039	0.0145
		0.0016	0.0041	0.0143
		0.0017	0.0041	0.0145
		0.0018	0.0041	0.0144
		0.0018	0.0041	0.0145
		0.0019	0.0039	0.0146
		0.0018	0.0037	0.0146
		0.0018	0.0034	0.0149
		0.0018	0.0033	0.0148
		0.0018	0.0031	0.015
		0.0018	0.0031	0.0152
		0.0019	0.0033	0.0148
		0.002	0.0035	0.0149
		0.0019	0.0036	0.0149
		0.0019	0.0033	0.0151
		0.002	0.0034	0.015
		0.002	0.0036	0.015
		0.002	0.0036	0.015
		0.002	0.0036	0.015
		0.002	0.0036	0.015
		0.002	0.0034	0.015
		0.0021	0.0033	0.0148
		0.0021	0.0034	0.0149
		0.002	0.0033	0.0149
		0.0019	0.0032	0.0151
		0.0019	0.0029	0.0152
		0.002	0.0028	0.0151
		0.002	0.0027	0.0152
		0.002	0.0027	0.015
		0.002	0.0026	0.0152
		0.002	0.0029	0.0154
		0.0021	0.003	0.0154
		0.0021	0.003	0.0153
		0.002	0.0031	0.0151
		0.002	0.003	0.0152
		0.0021	0.0028	0.0153
		0.0021	0.0026	0.0152
		0.0022	0.0027	0.015
		0.0022	0.0028	0.0147
		0.0022	0.0028	0.0145
		0.0022	0.0026	0.0145
		0.0023	0.0027	0.0145
		0.0023	0.0029	0.0146
		0.0023	0.0029	0.0147
		0.0023	0.0029	0.0147
		0.0023	0.003	0.0146
		0.0023	0.0032	0.0144
		0.0022	0.003	0.0147
		0.0022	0.0029	0.0147
		0.0022	0.0029	0.0146
		0.0023	0.0031	0.0146
		0.0024	0.0032	0.0143
		0.0024	0.0029	0.0144
		0.0024	0.0028	0.0145
		0.0023	0.0025	0.0145
		0.0021	0.0021	0.0149
		0.002	0.002	0.0151
		0.0019	0.0019	0.0149
		0.0019	0.0019	0.0148
		0.0019	0.0021	0.0148
		0.0019	0.0022	0.0148
		0.0019	0.0023	0.0147
		0.0018	0.002	0.0146
		0.0018	0.0019	0.0148
		0.0019	0.002	0.0151
		0.0018	0.002	0.0152
		0.0018	0.0021	0.015
		0.0018	0.0022	0.015
		0.0018	0.0022	0.015
		0.0019	0.0024	0.0151
		0.0019	0.0024	0.0149
		0.0019	0.0025	0.0149
		0.0019	0.0026	0.0149
		0.0018	0.0026	0.015
		0.0019	0.0025	0.0151
		0.0019	0.0027	0.0149
		0.0019	0.0026	0.0148
		0.002	0.0028	0.0148
		0.002	0.0027	0.0148
		0.002	0.0025	0.0148
		0.0019	0.0025	0.0147
		0.0019	0.0025	0.0146
		0.0019	0.0024	0.0147
		0.0019	0.0025	0.0147
		0.002	0.0025	0.0145
		0.002	0.0025	0.0146
		0.002	0.0026	0.0145
		0.002	0.0026	0.0144
		0.002	0.0026	0.0142
		0.0021	0.0025	0.0145
		0.0021	0.0025	0.0148
		0.0021	0.0029	0.0146
		0.0021	0.0027	0.0148
		0.0022	0.0028	0.0148
		0.0022	0.003	0.0147
		0.0022	0.0031	0.0144
		0.0021	0.0029	0.0146
		0.0021	0.003	0.0145
		0.0021	0.003	0.0144
		0.0022	0.003	0.0143


 element
human