Mozilla/5.0 (Linux; Android 5.1; XT1034 Build/LPB23.13-57) AppleWebKit/537.36 (KHTML, like Gecko) Chrome/45.0.2454.94 Mobile Safari/537.36

 standard_deviation

 standard_deviation_mean
	-0.0619	0.0069	-0.0169

 standard_deviation
	0.0007	0	0.0001

 slope_aggression
	0.0272	0.0068	0.0138

 sum
	9.9306	1.2202	2.8562

 raw
		0	-0.0001	-0.0157
		-0.0763	-0.0001	-0.0235
		-0.0786	0.0039	-0.0157
		-0.0341	0.0117	-0.0393
		-0.0615	0.0116	-0.0156
		0.0149	0.0038	-0.0464
		-0.0672	0.0039	-0.0079
		-0.0527	0.0079	-0.0318
		-0.0672	0.0114	-0.0229
		-0.0441	0	-0.0158
		-0.0378	0.0116	-0.0311
		-0.0775	0.0078	-0.0157
		-0.0498	0.0116	-0.0233
		-0.0414	0.0076	-0.023
		-0.0693	0.0075	-0.0075
		-0.0872	0.0078	-0.0001
		-0.1128	0.0115	0.0078
		-0.0643	0.0114	-0.023
		-0.0981	0.0229	-0.0152
		-0.0912	0.0038	-0.0077
		-0.0795	-0.0001	-0.0078
		-0.0571	0.0155	-0.0389
		-0.0593	0.0079	-0.0317
		-0.1086	0.0078	0.0077
		-0.11	0	0.0078
		-0.0651	0.0077	-0.0311
		-0.0707	0.0039	-0.0158
		-0.0446	0.0037	-0.023
		-0.095	0.0037	-0.0076
		-0.0879	0.0078	-0.0158
		-0.0732	0.0079	-0.0238
		-0.0631	0.0039	-0.0235
		-0.1225	0.0192	0.0001
		-0.0741	0.0078	-0.0235
		-0.0883	0.0039	-0.0079
		-0.1018	0.0156	-0.0079
		-0.0423	0.0078	-0.0158
		-0.0676	0.0076	-0.0077
		-0.0494	0.0155	-0.0389
		-0.092	0.0153	-0.0076
		-0.0765	0.0037	-0.0307
		-0.1276	0.0114	0.0002
		-0.0564	-0.0079	-0.0157
		-0.1137	0.0037	0.0079
		-0.0557	0.0038	-0.0232
		-0.1067	-0.0001	0.0078
		-0.042	0.0078	-0.0157
		-0.0725	-0.0079	-0.0158
		-0.1049	0.0156	-0.0079
		-0.0769	0.0075	-0.0229
		-0.042	0.0078	-0.0313
		-0.0658	-0.0001	-0.0157
		-0.0755	0.0115	-0.0077
		-0.0551	-0.004	-0.0154
		-0.0641	0.0077	-0.0233
		-0.0604	0.0077	-0.0233
		-0.0488	0.0076	-0.0153
		-0.0917	0	-0.0001
		-0.0442	0.0077	-0.0233
		-0.0367	0.0077	-0.0078
		-0.0359	0.0117	-0.0235
		-0.0388	-0.0001	-0.0311
		-0.0617	0.0039	-0.0157
		-0.0209	0.0039	-0.0313
		-0.0517	-0.0001	-0.0232
		-0.0772	0.0193	-0.0232
		-0.0955	-0.004	0.0078
		-0.076	0.0117	-0.0236
		-0.073	0.0155	-0.0078
		-0.0562	-0.0001	-0.0156
		-0.0268	0.0116	-0.0389
		-0.0634	0.0077	-0.0156
		-0.0441	0.0078	-0.0235
		-0.0494	0.0038	-0.0154
		-0.0234	0.0115	-0.0309
		-0.0122	0.0039	-0.0315
		-0.0337	0.0155	-0.0311
		-0.0653	0.0116	-0.0156
		-0.0518	0.0078	-0.0313
		-0.0188	0.0155	-0.0389
		-0.0457	0.0077	-0.0078
		-0.0946	-0.0002	-0.0073
		-0.1324	0.0078	-0.0001
		-0.048	0.0115	-0.0309
		-0.0734	0.0119	-0.016
		-0.1189	0.0038	0.0001
		-0.0404	-0.0001	-0.0313
		-0.0495	0.0076	-0.0153
		-0.0631	0.0038	-0.0156
		-0.0832	0.0113	-0.0074
		-0.0855	0.0037	-0.0075
		-0.0491	0.0036	-0.0227
		-0.0489	0.0116	-0.0156
		-0.0825	0.0273	-0.0079
		-0.0561	0.0117	-0.0236
		-0.0566	0.0077	-0.0389
		-0.0908	0.0075	-0.0075
		-0.0627	0.0117	-0.0079
		-0.0283	0.0076	-0.023
		-0.0517	0.0114	-0.0153
		-0.0586	0.0038	-0.0233
		-0.0427	-0.0001	-0.0156
		-0.0393	0.0038	-0.0233
		-0.0701	0.0154	-0.0154
		-0.0376	0.0117	-0.0157
		-0.0215	0.0075	-0.0074
		-0.0902	0.0116	0.0078
		-0.095	0.0115	-0.0077
		-0.0866	0.0154	-0.0232
		-0.0987	0.0077	-0.0156
		-0.0493	0.0078	-0.0313
		-0.0607	0.0117	-0.0158
		-0.0751	0.0038	-0.0078
		-0.0567	0.0039	-0.0157
		-0.0625	0.0075	-0.0075
		-0.0563	-0.0039	0.0077
		-0.018	0.0114	-0.023
		-0.0052	-0.0002	-0.0383
		-0.0671	0.0078	-0.0001
		-0.0299	-0.0001	-0.0156
		-0.0603	0.0076	-0.0076
		-0.0891	0.0037	0.0079
		-0.0576	0.0077	-0.0156
		-0.0766	-0.0001	-0.0156
		-0.0542	-0.0039	-0.0318
		-0.0183	0.0078	-0.0393
		-0.0586	0.0038	-0.0156
		-0.0345	0.0117	-0.0158
		-0.0257	-0.004	-0.0157
		-0.0466	0.0117	-0.0235
		-0.0186	0.0037	-0.0385
		-0.0642	0.0115	-0.0154
		-0.0389	-0.0039	-0.0317
		-0.0507	0.0038	-0.0154
		-0.0275	0.0075	-0.0229
		-0.0419	0.0039	-0.008
		-0.022	0.0155	-0.0233
		-0.0396	-0.004	-0.0235
		-0.0748	0.0037	-0.0229
		-0.0729	0.0116	-0.0156
		-0.0906	-0.0039	-0.0236
		-0.1387	0.0078	-0.0001
		-0.0707	0.0115	-0.0154
		-0.0234	0.0116	-0.0311
		-0.0515	0.0158	-0.0238
		-0.0556	0.0076	-0.0232
		-0.05	0.0077	-0.0156
		-0.0883	0.0156	-0.0001
		-0.0484	0.0115	-0.0232
		-0.0252	0.0115	-0.0309
		-0.0398	0.0038	-0.0233
		-0.0821	0.0076	0.0001
		-0.0598	0	-0.0158
		-0.0389	-0.0079	-0.0159
		-0.0446	-0.0001	-0.0233
		-0.0887	0.0115	0.0001
		-0.0549	0.0038	-0.0156
		-0.0628	-0.0001	-0.0232
		-0.1068	-0.0001	0.0078
		-0.092	0.0114	-0.0075
		-0.0597	0.0076	-0.0153


 element
water