Mozilla/5.0 (iPhone; CPU iPhone OS 8_4_1 like Mac OS X) AppleWebKit/600.1.4 (KHTML, like Gecko) Version/8.0 Mobile/12H321 Safari/600.1.4

 standard_deviation

 standard_deviation_mean
	-0.5396	-0.2141	-0.4601

 standard_deviation
	0.3466	0.1635	0.3007

 slope_aggression
	0.0441	0.0406	0.0901

 sum
	117.5384	58.6527	101.2076

 raw
		0	-0.0001	-0.9446
		0	-0.0001	-0.9446
		0	-0.0001	-0.9446
		0	-0.0001	-0.9446
		-0.9953	0.3545	-0.029
		-0.9914	0.3498	0.0382
		-0.9958	0.3694	-0.0408
		-0.9996	0.4048	-0.1686
		-0.9991	0.4238	-0.3153
		-0.9965	0.4269	-0.3942
		-0.9866	0.4217	-0.5414
		-0.9803	0.4147	-0.5889
		-0.9706	0.4045	-0.6504
		-0.9505	0.3817	-0.7548
		-0.9371	0.3641	-0.8058
		-0.9056	0.3148	-0.8855
		-0.8957	0.2868	-0.9054
		-0.879	0.2273	-0.9342
		-0.8698	0.1602	-0.948
		-0.8553	0.0833	-0.9595
		-0.8462	0.0423	-0.9653
		-0.8412	-0.0337	-0.9712
		-0.8476	-0.0781	-0.9657
		-0.8487	-0.1679	-0.9634
		-0.8496	-0.2051	-0.9639
		-0.8466	-0.2721	-0.9706
		-0.8482	-0.3121	-0.9728
		-0.8443	-0.3738	-0.9811
		-0.8374	-0.4094	-0.9863
		-0.8403	-0.5106	-0.9866
		-0.8358	-0.5528	-0.9883
		-0.844	-0.6301	-0.9902
		-0.8351	-0.6687	-0.9949
		-0.8246	-0.6972	-0.9986
		-0.8217	-0.7114	-0.9991
		-0.8145	-0.7196	-0.9997
		-0.8141	-0.7194	-1
		-0.8191	-0.6965	-1
		-0.8197	-0.6851	-1
		-0.8205	-0.6717	-1
		-0.8198	-0.6214	-1
		-0.8187	-0.5908	-0.9997
		-0.8297	-0.528	-0.9994
		-0.8411	-0.4944	-0.9997
		-0.8613	-0.4029	-1
		-0.8613	-0.4029	-1
		-0.8631	-0.2824	-1
		-0.8718	-0.2387	-0.9995
		-0.8991	-0.1544	-0.9859
		-0.9151	-0.1145	-0.9663
		-0.9336	-0.0277	-0.9274
		-0.943	0.0209	-0.9048
		-0.9534	0.1145	-0.8671
		-0.9598	0.1597	-0.835
		-0.9857	0.2711	-0.6513
		-0.9993	0.329	-0.4172
		-0.9451	0.424	0.3044
		-0.5703	0.4242	0.9993
		-0.1381	0.3896	0.5561
		-0.039	0.3623	0.3701
		0.0734	0.3149	0.1458
		0.1029	0.2894	0.0814
		0.1479	0.2341	-0.021
		0.1927	0.2027	-0.1075
		0.2171	0.1764	-0.1675
		0.2582	0.1244	-0.261
		0.271	0.0968	-0.2926
		0.2886	0.0409	-0.3379
		0.2899	0.0171	-0.3498
		0.2915	-0.0348	-0.3561
		0.2713	-0.0495	-0.3242
		0.2222	-0.0628	-0.2323
		0.2076	-0.0597	-0.2008
		0.1552	-0.0437	-0.1139
		0.1285	-0.0221	-0.0819
		0.0665	0.0253	0.0206
		0.037	0.0426	0.0761
		-0.0393	0.1017	0.207
		-0.0951	0.1302	0.3074
		-0.2669	0.198	0.5755
		-0.3525	0.2447	0.6934
		-0.6074	0.3152	0.9667
		-0.8365	0.3379	0.9057
		-0.932	0.3315	0.6686
		-0.9958	0.3081	0.1909
		-0.9903	0.288	-0.2364
		-0.9649	0.2555	-0.4259
		-0.9081	0.1667	-0.6523
		-0.8779	0.1286	-0.7388
		-0.8162	0.0318	-0.8621
		-0.7875	-0.0208	-0.9059
		-0.7546	-0.1263	-0.9459
		-0.739	-0.1833	-0.9572
		-0.7068	-0.2896	-0.9765
		-0.6882	-0.34	-0.9849
		-0.6406	-0.4294	-0.9987
		-0.6276	-0.4195	-1
		-0.5764	-0.4362	-0.9942
		-0.5653	-0.4568	-0.9937
		-0.6005	-0.4506	-0.9985
		-0.6153	-0.4528	-1
		-0.7041	-0.4371	-0.9897
		-0.7372	-0.4266	-0.978
		-0.8077	-0.4055	-0.9226
		-0.8352	-0.408	-0.883
		-0.8796	-0.4185	-0.7936
		-0.9012	-0.4576	-0.7136
		-0.9533	-0.5831	-0.513
		-0.9533	-0.5831	-0.513
		-0.9848	-0.6457	-0.415
		-0.9905	-0.6759	-0.3748
		-0.9977	-0.7241	-0.3375
		-0.9989	-0.7485	-0.333
		-1	-0.7911	-0.3422
		-1	-0.8117	-0.3358
		-1	-0.8607	-0.2927
		-1	-0.8754	-0.2737
		-1	-0.9021	-0.232
		-0.9989	-0.8962	-0.2664
		-0.9958	-0.8881	-0.3144
		-0.9878	-0.8777	-0.3395
		-0.9865	-0.8773	-0.34
		-0.9985	-0.9306	-0.2584
		-0.9999	-0.946	-0.1949
		-0.9975	-0.9627	-0.1412
		-0.9988	-0.9583	-0.1918
		-0.9998	-0.9254	-0.2967
		-0.9991	-0.9053	-0.351
		-0.9996	-0.8705	-0.3754
		-1	-0.8459	-0.3878
		-0.9997	-0.8083	-0.4191
		-0.9993	-0.7864	-0.433
		-0.9943	-0.7223	-0.4646
		-0.9912	-0.678	-0.5045
		-0.9739	-0.5554	-0.6193
		-0.9598	-0.5029	-0.6897
		-0.9389	-0.447	-0.7776
		-0.8912	-0.333	-0.9047
		-0.8656	-0.2829	-0.944
		-0.7989	-0.1991	-0.9928
		-0.7258	-0.1574	-0.9981
		-0.4714	-0.0852	-0.7959
		-0.3051	-0.0771	-0.537
		-0.0594	-0.0598	-0.0955
		0.0658	-0.0844	0.12
		0.1907	-0.0523	0.3392
		0.3359	-0.0499	0.598
		0.4617	-0.0436	0.79
		0.5347	-0.0457	0.8794
		0.699	-0.0352	0.9945
		0.8493	-0.0322	0.9421
		0.9048	-0.0488	0.8488
		0.9491	-0.071	0.7131
		0.9927	-0.1256	0.3983
		0.9993	-0.1617	0.2294
		0.9942	-0.1959	-0.0701
		0.9842	-0.2123	-0.2032
		0.9555	-0.2611	-0.3963
		0.9357	-0.2953	-0.4921
		0.8483	-0.427	-0.746
		0.8282	-0.4673	-0.7878


 element
human