Mozilla/5.0 (Linux; Android 5.1.1; Nexus 5 Build/LMY48M) AppleWebKit/537.36 (KHTML, like Gecko) Chrome/45.0.2454.94 Mobile Safari/537.36

 standard_deviation

 standard_deviation_mean
	0.0558	0.2161	-0.0965

 standard_deviation
	0.7293	0.5358	0.1424

 slope_aggression
	0.1088	0.0878	0.0876

 sum
	124.9102	108.1475	43.2666

 raw
		0	-0.0001	-0.1216
		0.0402	0.0008	-0.0438
		0.0604	0.0032	-0.0023
		0.0641	0.0048	0.0052
		0.0633	0.0049	0.0003
		0.0655	0.0042	0.0095
		0.0576	0.0011	-0.0034
		0.0514	-0.0051	-0.0189
		0.0518	-0.0078	-0.023
		0.0381	-0.008	-0.0502
		0.0245	-0.0057	-0.0817
		0.05	0.0011	-0.0354
		0.055	0.0037	-0.0196
		0.0582	0.0063	-0.008
		0.0753	0.0027	0.0158
		0.112	0.0077	0.0726
		0.183	0.0214	0.201
		0.1412	0.0266	0.1193
		0.0937	0.0208	0.0215
		0.0909	0.0274	0.0145
		0.0227	0.0302	-0.1201
		-0.0568	0.0443	-0.2567
		-0.0959	0.0241	-0.313
		-0.1425	0.0109	-0.3804
		-0.3904	0.0058	-0.7631
		-0.7653	-0.0433	-0.9781
		-0.8726	-0.0891	-0.8539
		-0.9464	-0.1701	-0.678
		-0.9855	-0.2569	-0.504
		-0.999	-0.3567	-0.3563
		-0.9951	-0.501	-0.2118
		-0.9875	-0.6076	-0.2349
		-0.9789	-0.7075	-0.3092
		-0.964	-0.7925	-0.3816
		-0.9536	-0.8336	-0.4289
		-0.9435	-0.8874	-0.4796
		-0.9388	-0.9248	-0.5093
		-0.9394	-0.9436	-0.5437
		-0.9446	-0.9486	-0.5478
		-0.9502	-0.9404	-0.5387
		-0.9613	-0.9126	-0.5097
		-0.9687	-0.8827	-0.5061
		-0.98	-0.7996	-0.5055
		-0.9863	-0.6881	-0.4792
		-0.9881	-0.6092	-0.4428
		-0.9883	-0.4554	-0.3521
		-0.9829	-0.3183	-0.2181
		0.9775	0.5623	-0.1043
		0.8964	0.3552	0.4642
		-0.3291	0.2735	-0.2817
		-0.9331	0.3983	-0.8659
		-0.9857	0.6755	-0.4873
		-0.984	0.7692	-0.4722
		-0.981	0.8544	-0.4415
		-0.981	0.909	-0.3784
		-0.9812	0.9336	-0.3427
		-0.9806	0.9581	-0.2993
		-0.9793	0.965	-0.2774
		-0.9784	0.9702	-0.2403
		-0.9773	0.9595	-0.2302
		-0.9749	0.9457	-0.2533
		-0.968	0.9044	-0.3518
		-0.9531	0.8371	-0.48
		-0.9412	0.7884	-0.5673
		-0.8995	0.6951	-0.748
		-0.8634	0.6418	-0.8513
		-0.7543	0.5711	-0.9871
		-0.5492	0.5011	-0.9201
		-0.3679	0.4801	-0.6875
		-0.0339	0.4818	-0.0825
		0.1491	0.4994	0.2465
		0.274	0.5079	0.4643
		0.3756	0.5245	0.6383
		0.4221	0.5407	0.7241
		0.4759	0.5631	0.8052
		0.5134	0.579	0.8529
		0.587	0.5839	0.9226
		0.6847	0.5954	0.9864
		0.7732	0.6294	0.9973
		0.8384	0.6609	0.9589
		0.8908	0.702	0.8609
		0.9244	0.7405	0.7708
		0.9691	0.8284	0.5183
		0.9816	0.9047	0.3625
		0.9883	0.963	0.1772
		0.9918	0.995	0.012
		0.9882	0.9895	-0.0839
		-0.9833	-0.9969	-0.1389
		-0.9783	-0.9993	-0.2091
		-0.9736	-0.9939	-0.2147
		-0.9693	-0.9826	-0.2135
		-0.9695	-0.9752	-0.213
		-0.9714	-0.9716	-0.193
		-0.9743	-0.9762	-0.1783
		-0.9744	-0.9816	-0.1817
		-0.9759	-0.9915	-0.1728
		-0.9775	-0.9986	-0.1374
		0.9812	0.9379	-0.1104
		0.9863	0.9794	-0.1098
		0.9883	0.9965	-0.1062
		0.9889	0.9996	-0.0422
		0.99	0.9965	-0.0121
		0.9921	0.986	-0.0132
		0.992	0.9687	-0.0226
		0.9909	0.9652	-0.0142
		0.9884	0.9544	0.0226
		0.9865	0.954	0.0783
		0.9882	0.9552	0.0926
		0.9909	0.9611	0.0569
		0.9914	0.9661	0.037
		0.9919	0.9813	0.032
		0.993	0.9886	0.0215
		0.9941	0.9983	-0.0426
		0.9944	0.9995	-0.0624
		0.9953	0.9953	-0.0408
		0.9955	0.9904	-0.0469
		0.9955	0.9843	-0.0352
		0.9934	0.9758	-0.0146
		0.9938	0.9595	0.0033
		0.9911	0.9477	-0.043
		0.9893	0.9384	-0.025
		0.9885	0.9399	0.003
		0.9862	0.9444	0.0355
		0.9874	0.9485	0.0524
		0.9874	0.9586	0.0274
		0.9902	0.9754	0.013
		0.9906	0.9962	-0.0042
		0.9927	0.9994	0.0216
		0.9939	0.9899	0.0404
		0.993	0.946	0.0805
		0.9891	0.8642	0.1533
		0.9817	0.7828	0.25
		0.9714	0.6901	0.3601
		0.9593	0.5992	0.4562
		0.8759	0.4267	0.8111
		-0.027	0.3052	-0.0431
		-0.8661	0.4057	-0.8451
		-0.9507	0.5247	-0.5404
		-0.9667	0.6355	-0.4103
		-0.9739	0.7745	-0.3093
		-0.9812	0.8572	-0.2126
		-0.9889	0.9266	-0.1306
		0.9923	-0.7953	-0.0762
		0.9928	-0.8572	-0.0662
		0.9942	-0.9124	-0.0296
		0.9952	-0.9489	-0.013
		0.9971	-0.9716	0.0228
		0.9965	-0.9832	0.0211
		0.9949	-0.9858	0.0127
		0.9933	-0.9842	0.0144
		0.9914	-0.9719	-0.0053
		0.9895	-0.9536	-0.0278
		0.9875	-0.921	-0.0536
		0.986	-0.8891	-0.063
		0.9829	-0.8353	-0.0761
		0.98	-0.7963	-0.0746
		0.9749	-0.7234	-0.0906
		-0.969	0.9166	-0.126
		-0.9638	0.9004	-0.1369
		-0.954	0.8752	-0.1558
		-0.9504	0.838	-0.153


 element
wave