Mozilla/5.0 (iPhone; CPU iPhone OS 7_1_2 like Mac OS X) AppleWebKit/537.51.2 (KHTML, like Gecko) Version/7.0 Mobile/11D257 Safari/9537.53

 standard_deviation

 standard_deviation_mean
	-0.0032	-0.0003	0.0473

 standard_deviation
	0	0	0

 slope_aggression
	0.0001	0.0001	0.0002

 sum
	0.2741	0.0287	3.7871

 raw
		0	-0.0001	0.045
		0	-0.0001	0.045
		0	-0.0001	0.045
		0	-0.0001	0.045
		0	-0.0001	0.045
		0	-0.0001	0.045
		0	-0.0001	0.045
		0	-0.0001	0.045
		0	-0.0001	0.045
		0	-0.0001	0.045
		0.0028	-0.0029	0.0481
		0.0023	-0.0016	0.0477
		0.0017	-0.0009	0.0481
		0.0016	-0.0006	0.0489
		0.001	-0.0005	0.0488
		0.0007	-0.0005	0.0488
		0.0003	-0.0006	0.049
		0.0001	-0.0008	0.0482
		-0.0001	-0.001	0.0482
		-0.0006	-0.0007	0.0477
		-0.0008	-0.0006	0.0478
		-0.0011	-0.0005	0.0478
		-0.0011	-0.0005	0.0478
		-0.0011	-0.0007	0.0477
		-0.0012	-0.0004	0.0478
		-0.0013	-0.0005	0.048
		-0.0017	-0.0007	0.0477
		-0.0018	-0.0009	0.0479
		-0.0022	-0.0005	0.0482
		-0.0024	-0.0003	0.048
		-0.0028	-0.0007	0.0476
		-0.003	-0.0005	0.0475
		-0.0032	-0.0005	0.0473
		-0.0035	-0.0007	0.0469
		-0.0034	-0.0007	0.0472
		-0.0033	-0.0007	0.0475
		-0.0035	-0.0007	0.0473
		-0.0036	-0.0005	0.0472
		-0.0036	-0.0004	0.0476
		-0.0036	-0.0005	0.0478
		-0.004	-0.0005	0.0477
		-0.004	-0.0005	0.0477
		-0.0041	-0.0003	0.0475
		-0.0042	-0.0002	0.0475
		-0.0044	-0.0004	0.0469
		-0.0045	-0.0003	0.0468
		-0.0047	-0.0005	0.0465
		-0.0048	-0.0003	0.0464
		-0.0047	-0.0004	0.047
		-0.005	-0.0004	0.0468
		-0.005	-0.0001	0.047
		-0.0052	0.0003	0.0471
		-0.0052	0.0002	0.0471
		-0.0053	0.0002	0.0467
		-0.0056	0.0002	0.0468
		-0.0058	0.0001	0.0466
		-0.0058	0.0002	0.0468
		-0.0058	0.0004	0.047
		-0.0058	0.0004	0.047
		-0.006	0.0004	0.0473
		-0.0059	0	0.0476
		-0.006	0	0.0472
		-0.006	-0.0002	0.0474
		-0.0061	-0.0003	0.0474
		-0.006	0	0.0473
		-0.006	0	0.0476
		-0.006	0	0.0476
		-0.0058	0.0001	0.0478
		-0.0058	0	0.0477
		-0.0057	0	0.0482
		-0.0056	0	0.0483
		-0.0057	0	0.0487
		-0.0057	0	0.0487
		-0.0059	0	0.0484
		-0.0059	0	0.0479
		-0.0059	-0.0001	0.048
		-0.0058	-0.0002	0.0483
		-0.0058	-0.0004	0.048
		-0.006	-0.0004	0.0476
		-0.0061	-0.0005	0.0477
		-0.006	-0.0002	0.0477


 element
celluar