Mozilla/5.0 (Linux; Android 5.1; XT1034 Build/LPB23.13-57) AppleWebKit/537.36 (KHTML, like Gecko) Chrome/45.0.2454.94 Mobile Safari/537.36

 standard_deviation

 standard_deviation_mean
	0.0342	-0.0011	-0.0067

 standard_deviation
	0.0006	0	0.0001

 slope_aggression
	0.0262	0.0077	0.0156

 sum
	2.8985	0.4136	0.9301

 raw
		-0.0025	-0.0087	-0.0245
		0.0484	0.0072	-0.0164
		0.0308	0.0047	-0.0244
		0.0768	0.0073	0.0081
		0.0362	-0.005	-0.0082
		0.0607	0.0096	-0.0082
		0.0005	-0.0013	-0.0245
		0.0307	-0.0037	-0.0001
		0.0357	0.0047	-0.0082
		0.0124	-0.005	-0.0164
		0.1006	0.0047	0.0243
		0.0776	-0.005	-0.0001
		0.0513	-0.0049	-0.0083
		0.0231	-0.0013	-0.0082
		0.036	0.0023	-0.0001
		0.0233	-0.0001	-0.0001
		-0.0057	-0.0171	-0.0001
		0.0334	-0.0026	-0.0001
		0.0187	0.0047	-0.0244
		0.0382	0.006	-0.0245
		0.0847	0.0036	0.0163
		0.0641	-0.0002	-0.0001
		0.0486	0.0085	-0.0083
		0.06	-0.0002	0.0161
		0.0454	0.0009	-0.0081
		0.0363	-0.0074	-0.0081
		0.0393	-0.0099	0.0081
		0.0044	-0.0111	-0.0164
		0.0425	-0.0062	0.0081
		0.0435	0.0049	-0.0165
		0.0417	-0.0026	-0.0082
		0.0227	-0.0001	-0.0164
		0.0519	-0.0001	-0.0001
		0.0419	-0.0013	-0.0082
		0.0601	-0.0025	0.0164
		0.0308	-0.0001	-0.0082
		0.028	-0.016	-0.0082
		0.0699	0.0049	-0.0083
		0.0359	0.0011	-0.0082
		0.0191	-0.0074	-0.0081
		0.0158	-0.0001	-0.0164
		0.04	0.0096	-0.0082
		0.017	-0.0111	-0.0001
		0.0153	-0.0062	-0.0163
		0.0252	-0.0086	-0.0082
		0.0352	-0.0001	-0.0082
		0.0501	0.0012	0.0082
		-0.0002	-0.0148	-0.0164
		0.0322	0.0011	-0.0163
		-0.0227	-0.0111	-0.0324
		0.0505	-0.0001	0.0163
		0.0271	0.0011	-0.0082
		0.0756	0.0049	0.0164
		0.0479	0.006	-0.0082
		0.0489	0.0034	-0.0081
		0.0825	0.0152	0.008
		0.0323	-0.0038	-0.0081
		0.0665	-0.0001	0.0081
		0.0163	-0.0099	-0.0082
		0.0096	-0.0001	-0.0246
		0.053	-0.005	0.0081
		0.0368	0.0034	-0.0162
		0.031	-0.0075	0.0079
		0.0617	0.0073	0.0081
		0.0031	-0.005	-0.0081
		-0.0178	-0.0002	-0.0405
		-0.0079	-0.0123	-0.0164
		-0.0063	-0.0062	-0.0326
		0.017	0.0038	-0.0166
		0.0154	-0.0062	-0.0001
		-0.0065	-0.0001	-0.0246
		0.0522	0.0062	-0.0001
		0.0389	-0.0086	0.008
		0.0152	0.0049	-0.0247
		-0.003	-0.0111	-0.0082
		0.0399	-0.005	0.0081
		0.0094	-0.0001	-0.0246
		0.034	0.0034	-0.0001
		0.0728	0.0109	0.0081
		0.0491	0.0047	-0.0001
		0.0232	0.0012	-0.0165


 element
wave