Mozilla/5.0 (Linux; Android 5.0.2; XT1034 Build/LXB22.46-32) AppleWebKit/537.36 (KHTML, like Gecko) Chrome/45.0.2454.94 Mobile Safari/537.36

 standard_deviation

 standard_deviation_mean
	-0.166	-0.0969	-0.0433

 standard_deviation
	0.5793	0.4509	0.5305

 slope_aggresion
	0.229	0.1023	0.2327

 sum
	56.5786	49.4578	52.8967

 raw
		0	-0.0001	-0.0357
		0.0597	0.0277	0.0668
		-0.053	0.0131	-0.1954
		-0.0714	0.0116	-0.2318
		-0.0833	-0.012	-0.2609
		-0.2519	-0.0302	-0.5922
		-0.4107	-0.0784	-0.8356
		-0.5834	-0.0929	-0.9868
		-0.9572	-0.1051	-0.3579
		0.9811	-0.3462	0.6187
		0.8316	-0.4277	0.9975
		0.801	-0.5009	0.9362
		0.8852	-0.5722	0.9604
		0.9807	-0.7053	0.9742
		0.9909	-0.7541	0.9693
		0.9919	-0.8194	0.9628
		0.9868	-0.8137	0.9274
		0.8762	-0.6327	0.9813
		0.9942	-0.6632	0.4424
		-0.9942	0.268	-0.167
		-0.9309	0.3724	-0.5164
		-0.91	0.4213	-0.5929
		-0.93	0.4841	-0.6738
		-0.9451	0.5082	-0.771
		-0.9567	0.5462	-0.8451
		-0.9513	0.5729	-0.933
		-0.9196	0.6125	-0.9996
		-0.9195	0.6622	-0.997
		-0.8932	0.6937	-0.9241
		-0.8679	0.7254	-0.8329
		-0.7633	0.7564	-0.5638
		-0.4558	0.7454	-0.0806
		-0.2191	0.7508	0.1296
		0.3826	0.6628	0.8133
		0.478	0.6339	0.9224
		0.6481	0.5886	0.9957
		0.7784	0.4849	0.8104
		0.9081	0.4848	0.3828
		-0.9871	-0.827	-0.1688
		-1	-0.8442	-0.504
		-0.9854	-0.8117	-0.7594
		-0.9503	-0.8213	-0.9404
		-0.8815	-0.7949	-0.9788
		-0.7483	-0.7798	-0.6706
		-0.4183	-0.7628	0.1565
		-0.3361	-0.8001	0.3596
		-0.1891	-0.8367	0.5972
		-0.0373	-0.8611	0.7601
		0.1975	-0.8979	0.939
		0.3298	-0.9182	0.985
		0.4109	-0.9311	0.9981
		0.3783	-0.9242	0.9658
		0.4129	-0.9298	0.9534
		0.1099	-0.8646	0.6929
		-0.2278	-0.8387	0.2611
		-0.6627	-0.8009	-0.4571
		-0.8664	-0.7727	-0.8757
		-0.9963	-0.7594	-0.9049
		0.9446	0.3279	-0.0221
		0.7026	0.2572	0.8993
		0.3907	0.3086	0.8894
		-0.043	0.3292	0.3511
		-0.7369	0.5415	-0.6213
		-0.7969	0.612	-0.7048
		-0.8364	0.6841	-0.7644
		-0.8573	0.6642	-0.8307
		-0.9131	0.6808	-0.9414
		-0.9579	0.7038	-0.9982
		-0.9821	0.7402	-0.9856
		-0.9921	0.748	-0.9299
		-0.9968	0.7831	-0.8792
		-0.9989	0.7691	-0.7883
		-0.9988	0.6865	-0.7259
		-0.9998	0.7318	-0.5361
		-0.9884	0.69	-0.1953
		0.9569	-0.9354	0.0559
		0.9381	-0.9756	0.2782
		0.9346	-0.9744	0.3262
		0.9331	-0.9878	0.4567
		0.9129	-0.9683	0.5038
		0.8776	-0.9623	0.75


 element
water