Mozilla/5.0 (iPhone; CPU iPhone OS 7_1_2 like Mac OS X) AppleWebKit/537.51.2 (KHTML, like Gecko) CriOS/45.0.2454.89 Mobile/11D257 Safari/9537.53

 standard_deviation

 standard_deviation_mean
	-0.0848	0.3322	0.1151

 standard_deviation
	0.3583	0.1656	0.4591

 slope_aggresion
	0.1081	0.0713	0.2036

 sum
	39.3598	33.1479	47.9467

 raw
		0	-0.0001	0.0002
		0	-0.0001	0.0002
		0	-0.0001	0.0002
		0	-0.0001	0.0002
		0	-0.0001	0.0002
		0	-0.0001	0.0002
		0	-0.0001	0.0002
		0.2102	0.9121	0.2914
		0.3682	0.9195	0.6264
		0.2974	0.8167	0.74
		0.2289	0.689	0.7603
		0.2071	0.5655	0.8071
		0.1981	0.3491	0.8577
		0.1936	0.264	0.8682
		0.1972	0.121	0.8807
		0.1994	0.0641	0.8815
		0.1648	-0.0249	0.8556
		0.1214	-0.0726	0.8368
		-0.0037	-0.197	0.7892
		-0.0037	-0.197	0.7892
		-0.1097	-0.3238	0.7322
		-0.1636	-0.3693	0.6941
		-0.222	-0.4066	0.6389
		-0.3654	-0.4464	0.4472
		-0.4204	-0.4282	0.2985
		-0.4932	-0.345	-0.104
		-0.5464	-0.2776	-0.348
		-0.6182	-0.1131	-0.6566
		-0.6746	-0.0195	-0.7674
		-0.7299	0.0716	-0.8559
		-0.855	0.2191	-0.972
		-0.9213	0.3384	-0.9948
		-0.9316	0.4035	-0.9694
		-0.9459	0.4696	-0.9105
		-0.967	0.6155	-0.6744
		-0.9693	0.7084	-0.5247
		-0.9717	0.7813	-0.387
		-0.9867	0.8749	-0.0868
		-0.9956	0.9095	0.1246
		-0.9443	0.9567	0.893
		-0.5229	0.9695	0.5813
		0.4513	0.9646	-0.9918
		0.8135	0.9455	-0.6576
		0.8316	0.9472	-0.6341
		0.4385	0.962	-0.9652
		-0.9013	0.953	0.923
		-1	0.8521	0.0053
		-0.998	0.7752	-0.2242
		-0.9766	0.6305	-0.7906
		-0.9393	0.5648	-0.9854
		-0.8575	0.499	-0.9199
		-0.6911	0.4161	-0.4358
		-0.622	0.3286	-0.1451
		-0.5556	0.2856	0.0824
		-0.4164	0.0989	0.5131
		-0.3864	0.0098	0.6093
		-0.3376	-0.029	0.6694
		-0.2465	-0.041	0.7486
		-0.0385	-0.0459	0.8759
		0.0327	-0.0545	0.913
		0.0892	-0.055	0.9386
		0.2397	-0.0172	0.9749
		0.3181	0.0239	0.9866
		0.4777	0.1611	0.9989
		0.5721	0.2071	0.9986
		0.7163	0.2877	0.9553
		0.7968	0.3154	0.8959
		0.894	0.3309	0.7414
		0.92	0.3493	0.6708
		0.9448	0.3792	0.5951
		0.9835	0.5048	0.4078
		0.9994	0.5842	0.1556
		0.9921	0.6494	-0.1683
		0.7729	0.7277	-0.9632
		0.6047	0.7125	-0.9819
		0.2772	0.6632	-0.5813
		0.1644	0.6404	-0.3566
		0.1112	0.6275	-0.2576
		0.0871	0.6259	-0.2603
		0.1157	0.6404	-0.3202
		0.4266	0.688	-0.8416


 element
human