Mozilla/5.0 (Macintosh; Intel Mac OS X 10_9_5) AppleWebKit/537.36 (KHTML, like Gecko) Chrome/45.0.2454.93 Safari/537.36

 standard_deviation

 standard_deviation_mean
	0	-0.0202	-0.0836

 standard_deviation
	0	0.0001	0.001

 slope_aggresion
	0	0.0132	0.0356

 sum
	0	1.6171	6.7314

 raw
		0	-0.004	-0.0598
		0	-0.0242	-0.0678
		0	-0.0363	-0.0997
		0	-0.0121	-0.0438
		0	-0.0122	-0.1076
		0	-0.004	-0.0757
		0	-0.0317	-0.0199
		0	-0.0121	-0.0997
		0	-0.0121	-0.1156
		0	-0.016	-0.0997
		0	0.0001	-0.0997
		0	-0.0121	-0.0997
		0	0.0001	-0.1235
		0	-0.0321	-0.0997
		0	-0.004	0.0041
		0	-0.0121	-0.0678
		0	-0.0196	-0.0837
		0	-0.0123	-0.1076
		0	-0.0403	-0.0997
		0	-0.0397	-0.1076
		0	-0.0325	-0.1076
		0	-0.004	-0.1076
		0	-0.024	-0.0678
		0	-0.0037	-0.0757
		0	-0.0162	-0.0997
		0	-0.0244	-0.0678
		0	-0.024	-0.0997
		0	-0.0039	-0.0997
		0	-0.0201	-0.0757
		0	-0.0242	-0.0997
		0	-0.0119	-0.0997
		0	-0.0119	-0.0678
		0	-0.016	-0.0438
		0	0.0001	-0.0678
		0	-0.0164	-0.0039
		0	-0.0161	-0.0598
		0	-0.0203	-0.0837
		0	-0.0122	-0.0598
		0	-0.004	-0.0358
		0	-0.0162	-0.1156
		0	-0.016	-0.0678
		0	-0.0201	-0.0997
		0	-0.0196	-0.0757
		0	-0.004	-0.0598
		0	-0.0161	-0.1076
		0	-0.016	-0.0358
		0	-0.0119	-0.1076
		0	-0.0242	-0.0757
		0	0.0041	-0.0358
		0	-0.0161	-0.0757
		0	-0.024	-0.0997
		0	-0.0357	-0.1156
		0	-0.0321	-0.1156
		0	-0.0323	-0.0598
		0	-0.0361	-0.1235
		0	-0.024	-0.1474
		0	-0.02	-0.0837
		0	0.0003	-0.0358
		0	-0.0203	-0.0279
		0	-0.0355	-0.0757
		0	-0.0242	-0.0997
		0	-0.0516	-0.1156
		0	-0.0321	-0.0837
		0	-0.0122	-0.0837
		0	-0.02	-0.0598
		0	-0.0401	-0.1235
		0	-0.0125	-0.0598
		0	-0.004	-0.0438
		0	-0.016	-0.0678
		0	-0.0441	-0.1633
		0	-0.0325	-0.0997
		0	-0.0592	-0.1553
		0	-0.0164	-0.0997
		0	-0.0323	-0.0997
		0	-0.0161	-0.0438
		0	-0.0321	-0.1076
		0	-0.0355	-0.0598
		0	-0.0521	-0.1156
		0	-0.0162	-0.0837
		0	-0.0242	-0.1235
		0	-0.024	-0.0438


 element
wave