Mozilla/5.0 (Macintosh; Intel Mac OS X 10_9_5) AppleWebKit/537.36 (KHTML, like Gecko) Chrome/45.0.2454.93 Safari/537.36

 standard_deviation

 standard_deviation_mean
	0	-0.004	-0.0801

 standard_deviation
	0	0.0001	0.001

 slope_aggresion
	0	0.0137	0.036

 sum
	0	0.8415	6.4046

 raw
		0	-0.016	-0.0997
		0	0.0003	-0.0598
		0	0.0123	-0.0598
		0	-0.0035	-0.0837
		0	0.0038	-0.1076
		0	-0.0243	-0.0997
		0	-0.0236	-0.1076
		0	-0.0164	-0.1076
		0	0.0121	-0.1076
		0	-0.008	-0.0678
		0	0.0123	-0.0757
		0	-0.0156	-0.0997
		0	-0.0083	-0.0678
		0	-0.0353	-0.1235
		0	0.0202	-0.0358
		0	0.0162	-0.0837
		0	-0.0081	-0.0997
		0	-0.0002	-0.0039
		0	-0.0044	-0.0997
		0	0.0039	-0.0997
		0	0.0039	-0.0678
		0	-0.0039	-0.1076
		0	-0.0001	-0.0598
		0	-0.0042	-0.0837
		0	0.0039	-0.0598
		0	0.0121	-0.0358
		0	-0.0002	-0.1156
		0	0.0163	-0.0678
		0	-0.0001	-0.0837
		0	-0.0035	-0.0757
		0	0.012	-0.0598
		0	-0.0001	-0.1076
		0	0.0001	-0.0358
		0	0.0041	-0.1076
		0	-0.0081	-0.0757
		0	0.0201	-0.0358
		0	-0.0001	-0.0757
		0	-0.008	-0.0997
		0	-0.0196	-0.1156
		0	-0.016	-0.1156
		0	-0.0162	-0.0598
		0	-0.02	-0.1235
		0	-0.0039	-0.0678
		0	-0.0039	-0.0837
		0	0.0164	-0.0358
		0	-0.0042	-0.0279
		0	-0.0194	-0.0757
		0	-0.0081	-0.0997
		0	-0.0356	-0.1156
		0	-0.0041	-0.0997
		0	0.0039	-0.0279
		0	0.0121	-0.1156
		0	-0.0156	-0.0598
		0	-0.0276	-0.0837
		0	0.012	-0.0438
		0	0.012	-0.0837
		0	0.0001	-0.0757
		0	-0.0042	-0.0598
		0	0.004	-0.1474
		0	-0.0003	-0.0997
		0	0.004	-0.1076
		0	-0.0041	-0.0757
		0	-0.0162	-0.0598
		0	0.0161	0.0041
		0	0.0041	-0.0757
		0	-0.02	-0.1076
		0	-0.0164	-0.1076
		0	-0.0245	-0.1156
		0	-0.008	-0.0678
		0	0.0001	-0.0757
		0	-0.0081	-0.1394
		0	-0.016	-0.1394
		0	0.004	-0.0199
		0	0.0039	-0.0358
		0	-0.016	-0.0598
		0	0.0243	-0.0039
		0	-0.0162	-0.1156
		0	-0.0156	-0.0997
		0	-0.0196	-0.0678
		0	-0.0002	-0.0678
		0	-0.0234	-0.0837


 element
wave