Mozilla/5.0 (Macintosh; Intel Mac OS X 10_9_5) AppleWebKit/537.36 (KHTML, like Gecko) Chrome/45.0.2454.93 Safari/537.36

 standard_deviation

 standard_deviation_mean
	0	-0.0043	-0.095

 standard_deviation
	0	0.0001	0.001

 slope_aggression
	0	0.0114	0.0368

 sum
	0	0.7816	7.5673

 raw
		0	-0.0039	-0.1275
		0	-0.0081	-0.1116
		0	-0.0194	-0.1275
		0	-0.0002	-0.0718
		0	0.0039	-0.0877
		0	0.0122	-0.0478
		0	0.0039	-0.0718
		0	0.0043	-0.0478
		0	0.0039	-0.0718
		0	0.0039	-0.1116
		0	-0.0083	-0.0957
		0	-0.0039	-0.0957
		0	-0.016	-0.0718
		0	-0.0001	-0.0877
		0	-0.0039	-0.1672
		0	-0.0081	-0.0877
		0	-0.0001	-0.0957
		0	-0.0081	-0.0957
		0	-0.0002	-0.0877
		0	-0.0281	-0.1275
		0	-0.0002	-0.0558
		0	-0.0001	-0.0797
		0	-0.0042	-0.0877
		0	0.0039	-0.1195
		0	-0.008	-0.0957
		0	-0.0196	-0.1275
		0	0.0001	-0.0718
		0	-0.016	-0.0797
		0	-0.0162	-0.0877
		0	-0.016	-0.0957
		0	-0.0196	-0.1593
		0	0.012	-0.0957
		0	0.0243	-0.0478
		0	0.0121	-0.0558
		0	-0.0042	-0.1275
		0	-0.016	-0.0797
		0	-0.0001	-0.1195
		0	0.0161	-0.0558
		0	-0.0156	-0.1593
		0	-0.016	-0.0957
		0	-0.0042	-0.1275
		0	-0.0083	-0.0877
		0	0.004	-0.0877
		0	0.0162	-0.0718
		0	0.012	-0.0877
		0	0.0119	-0.0478
		0	0.0001	-0.0399
		0	-0.0245	-0.1195
		0	-0.0002	-0.0478
		0	0.02	-0.0558
		0	-0.008	-0.1593
		0	0.02	-0.0399
		0	-0.016	-0.1195
		0	-0.0001	-0.0797
		0	-0.008	-0.0558
		0	-0.0162	-0.1116
		0	-0.0083	-0.0877
		0	0.004	-0.0797
		0	-0.016	-0.0797
		0	-0.0162	-0.0877
		0	-0.0041	-0.0718
		0	-0.0276	-0.1672
		0	-0.008	-0.1593
		0	0.004	-0.0718
		0	0.004	-0.1275
		0	0.004	-0.1116
		0	-0.0037	-0.0957
		0	0.0041	-0.1116
		0	-0.0002	-0.0797
		0	-0.0001	-0.0797
		0	-0.0083	-0.1195
		0	-0.0001	-0.1275
		0	-0.0281	-0.1116
		0	-0.0243	-0.0957
		0	-0.0156	-0.0877
		0	-0.016	-0.0558
		0	-0.0241	-0.1751
		0	-0.0075	-0.1275
		0	-0.0081	-0.0957
		0	0.0163	-0.0399
		0	-0.0041	-0.1275


 element
wave