Mozilla/5.0 (Macintosh; Intel Mac OS X 10_9_5) AppleWebKit/537.36 (KHTML, like Gecko) Chrome/45.0.2454.93 Safari/537.36

 standard_deviation

 standard_deviation_mean
	0	-0.0012	-0.0845

 standard_deviation
	0	0.0001	0.0011

 slope_aggression
	0	0.0137	0.0418

 sum
	0	0.7585	6.7547

 raw
		0	-0.0202	-0.0678
		0	0.008	-0.0598
		0	0.0159	-0.1235
		0	-0.0317	-0.1156
		0	-0.0042	-0.1076
		0	-0.0123	-0.0997
		0	0.0042	-0.0598
		0	0.004	-0.1076
		0	-0.0157	-0.0757
		0	0.0038	-0.0757
		0	-0.0042	-0.0997
		0	0.004	-0.0678
		0	-0.0001	-0.0598
		0	-0.0001	-0.0199
		0	0.0079	-0.0678
		0	-0.0042	-0.1156
		0	-0.0041	-0.0837
		0	-0.0125	-0.0757
		0	0.004	-0.1076
		0	0.0158	-0.0199
		0	-0.0121	-0.0837
		0	0.0037	-0.1394
		0	0.0281	-0.1156
		0	0.0161	-0.0598
		0	-0.0001	-0.0997
		0	0.0038	-0.0279
		0	-0.0002	-0.0678
		0	-0.0117	-0.0757
		0	0.0037	-0.0598
		0	-0.0322	-0.0837
		0	0.008	-0.0598
		0	-0.0202	-0.1076
		0	0.008	-0.1553
		0	0.004	-0.0438
		0	-0.0121	-0.1156
		0	-0.0123	-0.0997
		0	0.016	-0.0199
		0	0.0079	-0.0837
		0	0.0038	-0.0438
		0	0.0078	-0.0678
		0	0.004	-0.0678
		0	-0.0041	-0.0757
		0	-0.0003	-0.1156
		0	0.0077	-0.0199
		0	-0.0155	-0.1553
		0	0.0161	-0.0678
		0	0.0159	-0.0358
		0	0.0077	-0.0997
		0	0.0079	-0.0598
		0	-0.0123	-0.1076
		0	-0.0002	-0.0837
		0	0.008	-0.0997
		0	-0.0157	-0.0997
		0	0.0038	-0.1394
		0	-0.0003	-0.0678
		0	0.0078	-0.0678
		0	-0.0123	-0.1633
		0	-0.0001	-0.0598
		0	-0.0125	-0.1235
		0	-0.0042	-0.1076
		0	0.0079	-0.0358
		0	0.004	-0.0678
		0	0.0079	-0.1394
		0	0.0038	-0.0837
		0	-0.0164	-0.1156
		0	-0.0121	-0.0757
		0	-0.0041	-0.0997
		0	-0.0125	-0.0678
		0	0.0161	-0.0757
		0	-0.0161	-0.0598
		0	-0.0001	-0.0837
		0	-0.0164	-0.1553
		0	-0.0197	-0.0598
		0	0.0158	-0.1156
		0	0.0159	-0.0997
		0	-0.0001	-0.0757
		0	0.008	-0.0438
		0	-0.0001	-0.0199
		0	-0.0042	-0.1235
		0	-0.0325	-0.1235
		0	-0.0117	-0.0837


 element
wave