Mozilla/5.0 (Linux; Android 5.0.2; XT1034 Build/LXB22.46-32) AppleWebKit/537.36 (KHTML, like Gecko) Chrome/45.0.2454.94 Mobile Safari/537.36

 standard_deviation

 standard_deviation_mean
	0.2766	-0.0035	-0.0109

 standard_deviation
	0.0694	0.0001	0.0007

 slope_aggresion
	0.0175	0.0094	0.017

 sum
	21.5715	0.6902	1.8313

 raw
		0.0154	0.0039	0.0077
		0.0178	0	-0.0079
		0.0254	0.0079	-0.0001
		0.0183	0	0.0078
		0.0164	0.0038	0.0076
		0.0082	0.0039	0.0077
		0.0217	-0.0039	0.0155
		0.0424	0	0.0234
		0.0181	0.0039	0.0077
		0.016	0.0038	-0.0001
		0.0209	0	0.0156
		0.0245	-0.0116	0.031
		0.0159	0	0.0078
		0.0263	-0.0001	0.0154
		0.0235	0.0039	0.0155
		0.0263	0.0115	0.0154
		0.0372	0.0503	-0.0001
		0.0136	-0.0001	0.0076
		0.0201	0.0152	0.0153
		0.022	0	0.0078
		0.0086	0.0078	-0.0156
		0.009	-0.0001	-0.0078
		0.0194	0.0077	-0.0001
		0.0184	-0.0039	0.0077
		0.0463	0.0151	0.0305
		0.0119	0	-0.0078
		0.0301	0.0155	0.0155
		0.0503	0.0077	0.031
		0.0552	-0.0116	0.0308
		0.0791	0.0078	0.0312
		0.0848	0.0077	0.0308
		0.0515	-0.0039	-0.0235
		0.1033	0.0037	0.0152
		0.1243	-0.0039	0.0233
		0.1236	-0.0039	-0.0001
		0.1446	0.0039	0.0232
		0.1127	-0.0001	-0.0308
		0.1415	-0.0078	-0.0231
		0.1567	-0.0039	-0.0312
		0.1785	-0.0039	-0.0078
		0.162	-0.0039	-0.0464
		0.1978	0.0039	-0.0233
		0.2128	0.0038	-0.0155
		0.2302	-0.0001	-0.0154
		0.2518	0	-0.0079
		0.2912	-0.0078	0.0156
		0.2728	0.0116	-0.0388
		0.3089	-0.0039	-0.0001
		0.3182	0.0039	0.0078
		0.3053	-0.0116	-0.0232
		0.3197	0.0039	-0.0313
		0.365	-0.0312	-0.0001
		0.3597	-0.0116	-0.0311
		0.4025	-0.0039	-0.0078
		0.4297	-0.0039	0.0154
		0.4394	-0.0116	0.0077
		0.4505	-0.0117	-0.0079
		0.4376	-0.0234	-0.0313
		0.462	-0.0039	-0.0078
		0.4779	-0.0155	-0.0155
		0.5111	-0.0078	0.0155
		0.5036	-0.0116	-0.0001
		0.4927	-0.0155	-0.0465
		0.527	-0.0078	-0.0156
		0.537	-0.0116	-0.0388
		0.5451	-0.0117	-0.0545
		0.5993	-0.0116	-0.0309
		0.6125	-0.0268	-0.0458
		0.6183	-0.0116	-0.0465
		0.6062	-0.0156	-0.0706
		0.6605	-0.0156	-0.0467
		0.6682	0.0047	-0.0332
		0.6852	-0.0155	-0.0385
		0.6997	-0.0078	-0.0388
		0.7334	-0.0233	-0.0465
		0.7457	-0.0116	-0.0386
		0.7514	-0.0156	-0.0781
		0.7824	-0.0233	-0.0778
		0.8081	-0.0117	-0.0471
		0.8056	-0.0155	-0.0692
		0.8337	-0.0235	-0.0708


 element
wave