Mozilla/5.0 (Linux; Android 5.1; XT1034 Build/LPB23.13-57) AppleWebKit/537.36 (KHTML, like Gecko) Chrome/45.0.2454.94 Mobile Safari/537.36

 standard_deviation

 standard_deviation_mean
	-0.0608	-0.0082	-0.0069

 standard_deviation
	0.0002	0	0.0001

 slope_aggression
	0.0161	0.0059	0.0152

 sum
	4.831	0.6529	0.9628

 raw
		-0.0012	-0.0078	0.0037
		-0.0223	-0.0002	0.0114
		-0.0633	-0.0004	-0.004
		-0.0486	0.0004	0.004
		-0.0562	-0.0003	-0.004
		-0.0673	0.0003	-0.0038
		-0.0679	-0.0075	-0.0116
		-0.0623	-0.0077	-0.0039
		-0.0856	-0.0154	-0.0193
		-0.0659	-0.0003	-0.0116
		-0.0687	0	-0.0193
		-0.0582	-0.0039	-0.0039
		-0.072	-0.0115	-0.0116
		-0.0634	-0.0116	0.0115
		-0.0729	-0.0153	-0.0038
		-0.0907	-0.0115	-0.027
		-0.0601	-0.0113	-0.0038
		-0.0423	-0.0041	-0.0116
		-0.0623	-0.0075	-0.0116
		-0.0788	-0.0193	-0.0039
		-0.0524	-0.0116	-0.0116
		-0.0461	-0.004	-0.0039
		-0.0754	-0.0192	-0.0116
		-0.0469	-0.004	0.0037
		-0.0364	-0.0077	0.0116
		-0.0626	-0.0035	-0.0194
		-0.0525	0.0003	0.004
		-0.0646	-0.0034	-0.0037
		-0.0807	-0.0077	-0.027
		-0.0665	-0.0154	-0.0039
		-0.0335	-0.0039	0.0115
		-0.043	-0.0115	0.0039
		-0.0889	-0.0155	-0.0422
		-0.0612	-0.0076	-0.0116
		-0.0674	-0.0156	-0.004
		-0.0528	-0.0077	0.0039
		-0.0683	-0.0038	-0.0116
		-0.0581	-0.0076	-0.0116
		-0.0495	-0.0041	0.0037
		-0.0597	-0.0077	-0.0039
		-0.0686	-0.0193	0.0113
		-0.0846	-0.0116	-0.0116
		-0.0699	-0.0155	-0.0039
		-0.0638	-0.0039	-0.0193
		-0.0561	0	-0.0039
		-0.0516	-0.0002	0.0037
		-0.0936	-0.0113	-0.035
		-0.0527	-0.0039	0.0038
		-0.0585	0.0003	0.004
		-0.0557	-0.0115	0.0193
		-0.0434	0.0038	-0.0116
		-0.0652	-0.0116	-0.0192
		-0.0843	-0.0155	-0.0192
		-0.0689	-0.0042	-0.0116
		-0.0438	0.0001	0.0116
		-0.0558	-0.0076	-0.0038
		-0.0388	-0.0077	0.0269
		-0.0745	-0.0115	-0.0193
		-0.0308	-0.0153	0.0194
		-0.0272	-0.0077	0.0192
		-0.0491	0.0003	-0.0116
		-0.0782	-0.0074	-0.035
		-0.053	-0.0037	-0.0193
		-0.0583	-0.0035	-0.0194
		-0.0629	-0.0076	-0.0038
		-0.0517	-0.0075	-0.0116
		-0.0585	-0.0117	-0.0192
		-0.0748	-0.0078	-0.0192
		-0.0517	-0.0115	0.0116
		-0.0583	-0.0075	-0.0116
		-0.0716	-0.0114	-0.0116
		-0.0724	-0.0154	-0.0193
		-0.0701	-0.0153	-0.0193
		-0.0677	-0.0075	-0.0194
		-0.0664	-0.0116	0.0037
		-0.0849	-0.0192	-0.0271
		-0.046	-0.0116	0.0037
		-0.0486	-0.0041	0.0037
		-0.0762	-0.0079	-0.0192
		-0.0705	-0.0231	0.0039
		-0.091	-0.0145	-0.0282


 element
wave