Mozilla/5.0 (iPhone; CPU iPhone OS 7_1_2 like Mac OS X) AppleWebKit/537.51.2 (KHTML, like Gecko) Version/7.0 Mobile/11D257 Safari/9537.53

 standard_deviation

 standard_deviation_mean
	-0.0041	0.0002	0.0297

 standard_deviation
	0	0	0

 slope_aggression
	0.0001	0.0001	0.0002

 sum
	0.3256	0.0316	2.3808

 raw
		0	-0.0001	0.0267
		0	-0.0001	0.0267
		0	-0.0001	0.0267
		0	-0.0001	0.0267
		0	-0.0001	0.0267
		0	-0.0001	0.0267
		0	-0.0001	0.0267
		0	-0.0001	0.0267
		0	-0.0001	0.0267
		0	-0.0001	0.0267
		0.0014	-0.0006	0.0287
		0.0007	-0.0003	0.0297
		0.0005	-0.0004	0.0299
		0.0001	-0.0004	0.0296
		-0.0004	-0.0003	0.0297
		-0.0007	0	0.0302
		-0.001	0.0001	0.0303
		-0.0012	0.0001	0.0306
		-0.0015	0.0003	0.0307
		-0.0016	0.0003	0.0309
		-0.002	0.0003	0.031
		-0.0025	0.0004	0.0314
		-0.0025	0.0004	0.0314
		-0.0026	0.0003	0.0318
		-0.0027	0.0002	0.0311
		-0.003	0.0007	0.0312
		-0.0031	0.0005	0.0311
		-0.0031	0.0004	0.0309
		-0.0034	0.0005	0.0307
		-0.0036	0.0005	0.0313
		-0.0041	0.0004	0.0312
		-0.0043	0.0005	0.0306
		-0.0044	0.0003	0.0309
		-0.0045	0.0004	0.0309
		-0.0048	0.0007	0.031
		-0.005	0.0008	0.0309
		-0.0051	0.0008	0.031
		-0.0052	0.0005	0.0311
		-0.0053	0.0005	0.0308
		-0.0054	0.0008	0.0308
		-0.0055	0.0009	0.0307
		-0.0053	0.0007	0.0305
		-0.0053	0.0007	0.0306
		-0.0056	0.0007	0.0307
		-0.0057	0.0009	0.0305
		-0.0058	0.0009	0.0302
		-0.0057	0.0008	0.0305
		-0.0058	0.0008	0.0304
		-0.0059	0.0007	0.0303
		-0.0058	0.0006	0.0304
		-0.0058	0.0007	0.0301
		-0.0058	0.0009	0.0302
		-0.0057	0.0009	0.0302
		-0.0058	0.0007	0.0298
		-0.006	0.0007	0.0298
		-0.0061	0.0004	0.0291
		-0.0061	0.0004	0.0291
		-0.0061	0.0005	0.0289
		-0.0061	0.0003	0.0288
		-0.006	0.0002	0.0291
		-0.006	0.0001	0.0294
		-0.0061	0	0.029
		-0.006	0	0.0296
		-0.0061	0	0.0295
		-0.0061	-0.0001	0.0294
		-0.006	-0.0001	0.0293
		-0.0059	-0.0004	0.0294
		-0.0061	-0.0004	0.0292
		-0.006	-0.0003	0.0294
		-0.006	-0.0001	0.0298
		-0.0061	0	0.0295
		-0.0064	-0.0004	0.0297
		-0.0064	-0.0004	0.0297
		-0.0066	-0.0002	0.0295
		-0.0068	-0.0001	0.0293
		-0.0068	-0.0002	0.0294
		-0.007	-0.0003	0.0295
		-0.0071	-0.0003	0.0291
		-0.007	-0.0003	0.0292
		-0.0069	-0.0003	0.0295
		-0.007	-0.0002	0.0295


 element
celluar