Mozilla/5.0 (Macintosh; Intel Mac OS X 10_9_5) AppleWebKit/537.36 (KHTML, like Gecko) Chrome/45.0.2454.99 Safari/537.36

 standard_deviation

 standard_deviation_mean
	0	0.0042	-0.0812

 standard_deviation
	0	0.0001	0.0008

 slope_aggression
	0	0.0169	0.0347

 sum
	0	0.9117	6.5246

 raw
		0	-0.0118	-0.0518
		0	-0.0272	-0.0917
		0	0.0242	-0.0757
		0	0.0047	-0.1156
		0	-0.0073	-0.1076
		0	-0.0124	-0.1076
		0	0.008	-0.1235
		0	0.008	-0.0917
		0	0.02	-0.0518
		0	-0.0078	-0.1156
		0	-0.0001	-0.0518
		0	-0.0073	-0.1076
		0	0.024	-0.0438
		0	0.0007	-0.0837
		0	0.004	-0.0837
		0	0.004	-0.0757
		0	0.0002	-0.0837
		0	-0.0078	-0.0917
		0	0.0203	-0.0678
		0	-0.0001	-0.1315
		0	0.0042	-0.1076
		0	0.0282	-0.0438
		0	0.0002	-0.0837
		0	0.0082	-0.0917
		0	0.0038	-0.0279
		0	-0.0279	-0.0837
		0	0.0002	-0.0917
		0	0.0123	-0.0678
		0	-0.0084	-0.1076
		0	0.008	-0.0518
		0	0.0087	-0.0917
		0	0.008	-0.0917
		0	-0.0192	-0.0678
		0	0.0002	-0.1076
		0	-0.0003	-0.1076
		0	0.02	0.012
		0	-0.0001	-0.0678
		0	0.008	-0.0917
		0	0.008	-0.0678
		0	0.0246	-0.0917
		0	0.0082	-0.0678
		0	0.028	-0.0438
		0	-0.0078	-0.1315
		0	0.0201	-0.0757
		0	0.0121	-0.0917
		0	-0.0078	-0.0518
		0	0.0201	-0.0917
		0	-0.0073	-0.0917
		0	0.0121	-0.0837
		0	0.0002	-0.0757
		0	-0.0149	-0.1315
		0	0.0042	-0.0757
		0	0.0243	-0.0917
		0	-0.0084	-0.0837
		0	-0.0162	-0.1156
		0	0.008	-0.0518
		0	0.0007	-0.0518
		0	0.0242	-0.0678
		0	0.0121	-0.0359
		0	-0.0268	-0.1315
		0	0.0121	-0.0359
		0	0.0243	-0.0359
		0	0.0082	-0.1156
		0	0.032	-0.0279
		0	0.004	-0.0438
		0	0.008	-0.0678
		0	0.0201	-0.0757
		0	-0.0078	-0.0757
		0	0.0282	-0.0359
		0	0.0002	-0.1156
		0	-0.0113	-0.0438
		0	0.02	-0.0757
		0	0.0121	-0.0837
		0	0.0002	-0.1076
		0	0.0082	-0.1156
		0	0.0047	-0.0757
		0	0.0119	-0.0837
		0	0.004	-0.0837
		0	-0.0199	-0.1315
		0	-0.0113	-0.1474
		0	-0.0165	-0.0757


 element
wave