Mozilla/5.0 (Linux; Android 5.1; XT1034 Build/LPB23.13-57) AppleWebKit/537.36 (KHTML, like Gecko) Chrome/45.0.2454.94 Mobile Safari/537.36

 standard_deviation

 standard_deviation_mean
	0.0035	0.0013	0.0042

 standard_deviation
	0	0	0.0002

 slope_aggression
	0.0102	0.0066	0.0193

 sum
	0.6085	0.3544	1.0733

 raw
		0	-0.0001	-0.0203
		0.0062	0.0061	-0.0206
		0.027	-0.0037	0.0445
		0.0156	0.0012	0.0202
		0.0093	0.0037	0.0121
		0.002	-0.0037	0.012
		0.0088	0.0037	0.0119
		-0.005	0.0036	-0.0126
		0.007	0.0048	0.0041
		0.015	0.0049	0.0202
		0.0073	0.0061	-0.0043
		0.0062	0	0.004
		0.0115	0.0012	0.0121
		0.0006	-0.0012	-0.0043
		0.0049	0.0072	-0.0122
		0.0222	0.0012	0.0364
		0.0091	0.0049	0.0037
		0.0056	0.0061	-0.0043
		0.017	0.0134	0.0039
		-0.008	-0.0097	0.0041
		-0.0038	0.0024	-0.0206
		0.0091	0.0036	0.004
		0.013	0	0.0202
		-0.0062	0.0012	-0.021
		0.0001	-0.0012	0.0041
		0.0047	0.0121	-0.0123
		-0.0075	-0.0123	0.012
		0.0066	0.0061	0.0039
		0.0131	-0.0036	0.0364
		-0.002	0.0012	-0.0045
		0.0026	0	0.0121
		-0.0228	-0.0062	-0.0286
		0.0117	0.0012	0.0202
		0.0017	-0.0049	0.012
		0.0117	-0.0024	0.0283
		0.0178	0.0074	0.0202
		0.0163	0.0147	0.0038
		0.0013	0.0037	-0.0044
		-0.0032	0.0061	-0.0125
		0.0046	-0.0012	0.0283
		-0.0156	-0.0037	-0.0122
		-0.0002	0.0086	-0.0127
		-0.0062	0.0012	-0.0119
		-0.0033	-0.0037	0.0038
		0.0104	0.0012	0.0202
		-0.0027	-0.0036	0.004
		0.0093	0.0012	0.0202
		0.0164	0.0196	-0.0045
		0.01	-0.006	0.0282
		0.0009	0.0012	-0.0042
		0.0063	-0.0012	0.012
		-0.0036	-0.0025	-0.0042
		-0.0139	-0.0049	-0.0125
		0.0026	0.0073	-0.0041
		-0.0057	0	-0.0122
		0.0003	0.0061	-0.0125
		0.0092	-0.0012	0.0202
		-0.0165	-0.0217	0.0122
		-0.0027	-0.0012	-0.004
		0.0026	-0.0012	0.012
		0.0079	-0.0049	0.0283
		0.006	0.0073	-0.0041
		-0.0081	-0.0037	-0.0122
		0.0137	-0.0024	0.0362
		-0.0025	-0.0037	0.0038
		-0.0089	0.0036	-0.029
		0.0067	0.0049	0.0039
		0.0047	0.0049	-0.0045
		0.0014	0.0036	-0.0041
		-0.0033	0	-0.0122
		0.0088	-0.0012	0.012
		-0.0036	-0.0012	-0.0043
		0.003	0.011	-0.0044
		0.003	-0.0024	0.0202
		-0.0013	0	0.0038
		0.0062	0.0061	0.012
		0.0132	-0.0012	0.0363
		-0.001	0.0061	-0.0125
		0.0135	0.0049	0.0202
		0.0037	0.0049	0.0039
		-0.0107	-0.0049	-0.004


 element
wave