Mozilla/5.0 (Macintosh; Intel Mac OS X 10_9_5) AppleWebKit/537.36 (KHTML, like Gecko) Chrome/45.0.2454.93 Safari/537.36

 standard_deviation

 standard_deviation_mean
	0	-0.0064	-0.101

 standard_deviation
	0	0.0002	0.0007

 slope_aggresion
	0	0.0185	0.0311

 sum
	0	1.1483	8.0851

 raw
		0	-0.0002	-0.0877
		0	0.0162	-0.0797
		0	-0.0121	-0.0957
		0	-0.0001	-0.0638
		0	-0.0079	-0.0877
		0	-0.008	-0.1195
		0	-0.0246	-0.1671
		0	-0.0041	-0.0797
		0	-0.0001	-0.1434
		0	-0.0042	-0.0638
		0	0.0001	-0.0797
		0	-0.0201	-0.0957
		0	-0.0236	-0.1275
		0	-0.0205	-0.0957
		0	-0.0116	-0.0797
		0	-0.0313	-0.0638
		0	0.0082	-0.1036
		0	-0.0038	-0.1036
		0	0.0203	-0.0877
		0	0.0163	-0.0399
		0	0.0122	-0.1036
		0	-0.0236	-0.1275
		0	0.0082	-0.1275
		0	0.0082	-0.1195
		0	-0.0001	-0.0877
		0	-0.0121	-0.1195
		0	-0.0121	-0.1036
		0	-0.024	-0.1275
		0	-0.0236	-0.1195
		0	-0.0121	-0.0957
		0	-0.02	-0.1354
		0	0.0163	-0.1275
		0	0.0082	-0.1195
		0	-0.0121	-0.0957
		0	-0.0119	-0.1195
		0	0.0122	-0.1036
		0	-0.0236	-0.0877
		0	-0.0201	-0.1036
		0	0.0163	-0.0399
		0	0.0204	-0.0558
		0	0.0284	-0.0957
		0	0.0001	-0.1592
		0	-0.0002	-0.0638
		0	-0.008	-0.0877
		0	0.0162	-0.1036
		0	-0.0242	-0.1592
		0	0.0004	-0.1195
		0	-0.0121	-0.1036
		0	-0.02	-0.0797
		0	-0.0041	-0.0877
		0	-0.0079	-0.1036
		0	0.0202	-0.0478
		0	-0.004	-0.0957
		0	-0.0079	-0.0558
		0	-0.0116	-0.1195
		0	-0.0233	-0.0877
		0	-0.0242	-0.1036
		0	0.0082	-0.0797
		0	-0.0233	-0.1275
		0	0.0085	-0.0957
		0	-0.032	-0.0957
		0	-0.008	-0.0877
		0	0.0002	-0.1036
		0	-0.024	-0.1434
		0	0.0002	-0.1275
		0	-0.0435	-0.1036
		0	0.0162	-0.1036
		0	-0.02	-0.1036
		0	-0.0116	-0.1036
		0	-0.0201	-0.0797
		0	0.0162	-0.0957
		0	-0.032	-0.1354
		0	0.0284	-0.0558
		0	-0.0201	-0.1195
		0	0.0002	-0.0877
		0	-0.0275	-0.1275
		0	-0.028	-0.1354
		0	0.0082	-0.0558
		0	-0.0114	-0.1036
		0	-0.0194	-0.1592
		0	0.0004	-0.0957


 element
wave