Mozilla/5.0 (Macintosh; Intel Mac OS X 10_9_5) AppleWebKit/537.36 (KHTML, like Gecko) Chrome/45.0.2454.93 Safari/537.36

 standard_deviation

 standard_deviation_mean
	0	0.0145	-0.0892

 standard_deviation
	0	0.0002	0.0013

 slope_aggresion
	0	0.0191	0.0438

 sum
	0	1.3739	7.153

 raw
		0	0.0122	-0.0478
		0	0.0206	-0.1116
		0	0.0122	-0.1116
		0	0.0121	-0.1275
		0	0.0197	-0.0797
		0	-0.0074	-0.1354
		0	0.0203	-0.0718
		0	-0.0119	-0.1354
		0	-0.0001	-0.0797
		0	0.0203	-0.0797
		0	0.0322	-0.0957
		0	-0.0033	-0.1672
		0	0.0121	-0.0478
		0	0.0404	-0.0877
		0	0.0125	-0.0718
		0	0.0122	-0.1116
		0	-0.0033	-0.0558
		0	0.0202	-0.0957
		0	0.0162	-0.0558
		0	0.0322	-0.0957
		0	0.0121	-0.0718
		0	-0.0001	-0.0399
		0	0.0362	-0.0957
		0	0.0161	-0.0957
		0	0.0121	-0.0718
		0	0.0122	-0.0957
		0	0.0001	-0.0957
		0	0.0162	-0.1116
		0	0.0285	-0.0558
		0	0.0326	-0.0478
		0	0.0526	0.008
		0	0.0162	-0.0877
		0	0.0118	-0.0558
		0	0.0205	-0.0718
		0	0.0118	-0.1116
		0	0.0122	-0.0478
		0	0.0323	-0.0718
		0	0.0082	-0.0957
		0	-0.0072	-0.1593
		0	0.0079	-0.1275
		0	0.0363	-0.0319
		0	0.016	-0.0718
		0	0.0161	-0.1116
		0	0.0118	-0.1116
		0	-0.0035	-0.0319
		0	0.0323	-0.0957
		0	0.0162	-0.0797
		0	0.0404	-0.0399
		0	-0.0039	-0.1275
		0	0.0121	-0.0797
		0	-0.0122	-0.1751
		0	0.0122	-0.1195
		0	0.0362	-0.0319
		0	-0.0002	-0.1116
		0	0.0122	-0.1195
		0	0.0279	-0.0957
		0	-0.0112	-0.1354
		0	0.0202	-0.0877
		0	-0.0191	-0.1513
		0	0.0324	-0.0558
		0	-0.0074	-0.1354
		0	0.02	-0.0957
		0	0.0005	-0.1275
		0	0.0161	-0.0558
		0	0.0165	-0.0718
		0	0.0404	-0.0558
		0	0.016	-0.0558
		0	-0.0039	-0.1275
		0	0.0119	-0.0558
		0	0.0203	-0.0957
		0	-0.0074	-0.1909
		0	0.0283	-0.1116
		0	0.0125	-0.0957
		0	-0.0119	-0.0877
		0	0.0363	-0.0399
		0	0.0283	-0.0478
		0	0.0203	-0.0957
		0	0.0202	-0.1116
		0	0.0007	-0.1116
		0	0.0122	-0.0399
		0	0.0322	-0.0877


 element
wave