Mozilla/5.0 (Linux; Android 5.1; XT1034 Build/LPB23.13-57) AppleWebKit/537.36 (KHTML, like Gecko) Chrome/45.0.2454.94 Mobile Safari/537.36

 standard_deviation

 standard_deviation_mean
	0.0726	0.0032	-0.0174

 standard_deviation
	0.0004	0	0.0001

 slope_aggression
	0.0204	0.0073	0.0109

 sum
	5.834	0.5005	1.4249

 raw
		0.0235	0.0024	-0.0078
		0.0219	-0.0037	0.0002
		0.0107	0.0108	-0.0324
		0.0678	0.0177	0.0079
		0.0412	0.0181	-0.0161
		0.0883	0.0074	-0.0083
		0.0651	0.0024	-0.0246
		0.0588	-0.0074	-0.0161
		0.0641	-0.0062	-0.0162
		0.0762	0.0047	-0.0157
		0.0344	-0.0099	-0.0319
		0.0662	-0.0074	-0.0242
		0.0954	0.0072	-0.0242
		0.0773	0.0011	-0.0238
		0.109	-0.0049	0.0085
		0.1248	0.0098	0
		0.0988	0.0049	0.0001
		0.0922	0.0145	-0.0079
		0.0521	0.0023	-0.0322
		0.0847	-0.0001	-0.0079
		0.0896	0.0096	-0.0078
		0.0849	0.0049	-0.008
		0.0577	-0.0098	-0.0076
		0.079	0	-0.0083
		0.0488	-0.0087	-0.024
		0.0504	-0.0013	-0.024
		0.0687	0.0034	-0.0236
		0.0839	-0.0013	-0.0078
		0.0968	0.0084	-0.0076
		0.0529	0.006	-0.0411
		0.0605	-0.0038	-0.0242
		0.0419	-0.0038	-0.0324
		0.0651	0.0023	-0.024
		0.0843	0.0012	-0.0162
		0.0688	-0.0026	-0.0238
		0.0936	0.0158	-0.0244
		0.0983	0.0171	-0.0246
		0.0987	0.0036	0.0002
		0.0661	0.0134	-0.0329
		0.049	0.012	-0.0408
		0.0561	0.0072	-0.0324
		0.0571	0.0025	-0.0252
		0.0577	-0.0062	-0.0238
		0.0842	0.0011	-0.0157
		0.0697	-0.0001	-0.0161
		0.1176	0.0145	0.0002
		0.0918	0.0024	-0.0082
		0.0493	-0.0014	-0.0403
		0.0833	-0.0013	-0.0078
		0.0742	0.0048	-0.0162
		0.0639	0.0012	-0.0167
		0.1052	0.0145	-0.0079
		0.0983	0.0098	-0.0082
		0.0713	0.0061	-0.0246
		0.0703	0.011	-0.0331
		0.0615	0.0011	-0.0244
		0.0741	0.0048	-0.0244
		0.089	0.0061	-0.0082
		0.0849	0.0168	-0.024
		0.0493	0.0047	-0.0319
		0.0471	-0.0062	-0.0233
		0.0663	0.0023	-0.024
		0.0889	-0.0074	0.0005
		0.0673	-0.0002	-0.0231
		0.0309	-0.011	-0.031
		0.1093	0.0111	-0.0001
		0.0856	0.0061	-0.0164
		0.0979	0.0111	-0.0083
		0.0941	0.0025	0
		0.1149	0.0084	0.0085
		0.0744	0.0035	-0.0242
		0.0744	0.0047	-0.0238
		0.0509	-0.0074	-0.0242
		0.0934	0.0012	0.0001
		0.0629	-0.005	-0.0164
		0.0732	0.0083	-0.0157
		0.0798	0.0085	-0.0162
		0.0636	-0.0001	-0.0242
		0.0804	0.0048	-0.0244
		0.074	-0.0002	-0.0236
		0.0497	-0.0026	-0.0319


 element
wave