Mozilla/5.0 (iPhone; CPU iPhone OS 7_1_2 like Mac OS X) AppleWebKit/537.51.2 (KHTML, like Gecko) Version/7.0 Mobile/11D257 Safari/9537.53

 standard_deviation

 standard_deviation_mean
	0.0032	-0.0037	0.0511

 standard_deviation
	0	0	0

 slope_aggression
	0.0002	0.0001	0.0001

 sum
	0.2588	0.2892	4.0898

 raw
		0	-0.0001	0.0509
		0	-0.0001	0.0509
		0	-0.0001	0.0509
		0	-0.0001	0.0509
		0	-0.0001	0.0509
		0	-0.0001	0.0509
		0	-0.0001	0.0509
		0	-0.0001	0.0509
		0	-0.0001	0.0509
		0	-0.0001	0.0509
		0.0088	-0.005	0.0517
		0.0082	-0.0044	0.0517
		0.0076	-0.004	0.0524
		0.0073	-0.0039	0.0525
		0.0069	-0.0037	0.0524
		0.0065	-0.0034	0.0522
		0.0064	-0.0035	0.0523
		0.0059	-0.0033	0.0519
		0.0057	-0.0036	0.052
		0.0057	-0.0036	0.052
		0.0054	-0.0038	0.0524
		0.0052	-0.0039	0.0523
		0.0049	-0.0041	0.052
		0.0048	-0.0042	0.0517
		0.0048	-0.0042	0.0511
		0.0048	-0.0043	0.0512
		0.0049	-0.0043	0.0514
		0.0047	-0.0042	0.0512
		0.0047	-0.0042	0.0511
		0.0046	-0.0042	0.0515
		0.0046	-0.004	0.0515
		0.0045	-0.004	0.0514
		0.0044	-0.004	0.0516
		0.0043	-0.0041	0.0517
		0.0042	-0.0037	0.0515
		0.0042	-0.0037	0.0515
		0.004	-0.0039	0.0511
		0.004	-0.0039	0.0511
		0.0039	-0.004	0.0508
		0.0039	-0.0039	0.051
		0.0039	-0.0039	0.0511
		0.0037	-0.004	0.051
		0.0035	-0.0039	0.0509
		0.0035	-0.0039	0.0512
		0.0035	-0.0037	0.0514
		0.0036	-0.0038	0.0514
		0.0034	-0.0038	0.0512
		0.0032	-0.004	0.0507
		0.0032	-0.0041	0.0507
		0.0032	-0.0042	0.0507
		0.003	-0.0043	0.0504
		0.0029	-0.0042	0.0507
		0.0029	-0.0042	0.0505
		0.0027	-0.0042	0.0511
		0.0025	-0.0043	0.0511
		0.0022	-0.004	0.051
		0.0021	-0.0042	0.051
		0.0019	-0.0042	0.0505
		0.0021	-0.0042	0.0507
		0.002	-0.0042	0.0508
		0.002	-0.0043	0.051
		0.0022	-0.0043	0.0512
		0.0022	-0.0044	0.0518
		0.002	-0.0044	0.0516
		0.0019	-0.0045	0.0512
		0.0019	-0.0044	0.051
		0.0017	-0.0044	0.0507
		0.0017	-0.0044	0.0507
		0.0015	-0.0048	0.0502
		0.0015	-0.0048	0.0503
		0.0016	-0.0048	0.0497
		0.0016	-0.0049	0.0498
		0.0017	-0.005	0.0497
		0.0017	-0.005	0.0497
		0.0018	-0.005	0.0498
		0.0017	-0.0049	0.0495
		0.0019	-0.0047	0.0498
		0.0019	-0.0045	0.0501
		0.002	-0.0044	0.0502
		0.0019	-0.0041	0.05
		0.002	-0.0042	0.0498


 element
celluar