Mozilla/5.0 (Macintosh; Intel Mac OS X 10_9_5) AppleWebKit/537.36 (KHTML, like Gecko) Chrome/45.0.2454.99 Safari/537.36

 standard_deviation

 standard_deviation_mean
	0	-0.02	-0.1054

 standard_deviation
	0	0.0001	0.001

 slope_aggression
	0	0.0142	0.0359

 sum
	0	1.5937	8.4173

 raw
		0	-0.0001	-0.0678
		0	-0.0122	-0.1076
		0	-0.0321	-0.0917
		0	-0.0044	-0.1473
		0	-0.0039	-0.0917
		0	-0.0162	-0.0678
		0	-0.02	-0.1314
		0	-0.02	-0.1473
		0	-0.0392	-0.1473
		0	-0.012	-0.0757
		0	-0.0196	-0.0996
		0	-0.02	-0.1155
		0	-0.0124	-0.0518
		0	-0.0202	-0.0996
		0	-0.0361	-0.1394
		0	-0.0321	-0.1789
		0	-0.0039	-0.1155
		0	-0.0401	-0.1473
		0	-0.016	-0.1155
		0	-0.02	-0.1155
		0	-0.0196	-0.1155
		0	-0.0207	-0.0996
		0	-0.0039	-0.0757
		0	-0.024	-0.0678
		0	-0.0156	-0.0996
		0	-0.0404	-0.1552
		0	-0.0233	-0.0757
		0	-0.02	-0.1076
		0	-0.02	-0.1076
		0	-0.0162	-0.0917
		0	-0.0323	-0.1394
		0	-0.0355	-0.1394
		0	-0.0364	-0.1076
		0	-0.016	-0.1314
		0	-0.0248	-0.1155
		0	-0.0122	-0.0598
		0	-0.0364	-0.1473
		0	-0.0039	-0.0757
		0	-0.0352	-0.1473
		0	-0.0041	-0.1076
		0	-0.0321	-0.1155
		0	-0.0122	-0.0678
		0	-0.0001	-0.0678
		0	-0.0315	-0.1473
		0	-0.0002	-0.1076
		0	-0.012	-0.0757
		0	-0.0205	-0.1473
		0	-0.0162	-0.1473
		0	-0.0364	-0.1155
		0	-0.0164	-0.0678
		0	-0.0002	-0.1076
		0	-0.0156	-0.0598
		0	-0.0395	-0.1155
		0	-0.0205	-0.0996
		0	-0.0212	-0.0757
		0	-0.0124	-0.0598
		0	-0.0361	-0.0678
		0	-0.0312	-0.0598
		0	-0.0164	-0.1076
		0	-0.012	-0.0917
		0	-0.0205	-0.1076
		0	-0.016	-0.0996
		0	-0.0122	-0.1314
		0	-0.0243	-0.1076
		0	-0.0124	-0.0757
		0	-0.0039	-0.1155
		0	-0.0041	-0.1155
		0	-0.0361	-0.0917
		0	-0.0561	-0.1789
		0	-0.0321	-0.0518
		0	-0.0041	-0.0996
		0	-0.0196	-0.1473
		0	-0.0321	-0.1076
		0	-0.024	-0.0996
		0	-0.024	-0.1076
		0	-0.0122	-0.012
		0	-0.0162	-0.0917
		0	-0.0001	-0.0757
		0	-0.0323	-0.1314
		0	-0.0122	-0.1473
		0	-0.02	-0.1155


 element
wave