Mozilla/5.0 (Macintosh; Intel Mac OS X 10_9_5) AppleWebKit/537.36 (KHTML, like Gecko) Chrome/45.0.2454.93 Safari/537.36

 standard_deviation

 standard_deviation_mean
	0	0.0054	-0.0802

 standard_deviation
	0	0.0002	0.0011

 slope_aggression
	0	0.0164	0.0369

 sum
	0	0.9877	6.4203

 raw
		0	0.0201	-0.0598
		0	0.0201	-0.0757
		0	0.0004	-0.0678
		0	-0.0083	-0.0039
		0	0.0044	-0.0757
		0	-0.0275	-0.1633
		0	-0.0079	-0.0358
		0	0.0203	-0.0997
		0	0.0038	-0.0757
		0	0.0121	-0.0997
		0	0.0202	-0.1553
		0	0.0121	-0.0837
		0	-0.0079	-0.1156
		0	0.0004	-0.0837
		0	0.0122	-0.0757
		0	0.008	-0.0757
		0	-0.032	-0.1076
		0	0.0038	-0.0837
		0	0.0086	-0.0997
		0	0.012	-0.0438
		0	0.0082	-0.0837
		0	0.0282	-0.0997
		0	0.0121	-0.0598
		0	-0.0085	-0.1076
		0	0.0037	-0.0997
		0	0.0242	-0.0438
		0	-0.0155	-0.1235
		0	0.0001	-0.0997
		0	0.0121	-0.0757
		0	0.0201	-0.0358
		0	0.0038	-0.0438
		0	0.008	-0.0279
		0	0.0243	-0.1156
		0	0.0122	-0.0757
		0	0.012	-0.0757
		0	0.0404	0.012
		0	-0.0002	-0.0837
		0	-0.0122	-0.0837
		0	0.0041	-0.0837
		0	0.0038	-0.1076
		0	-0.0081	-0.0997
		0	-0.0079	-0.0678
		0	0.0001	-0.1474
		0	-0.016	-0.1076
		0	0.0121	-0.0438
		0	0.0121	-0.0757
		0	0.0122	-0.0757
		0	0.012	-0.0837
		0	-0.016	-0.1394
		0	0.0242	-0.0279
		0	0.0044	-0.0757
		0	0.0283	-0.0438
		0	-0.0079	-0.0997
		0	0.004	-0.0757
		0	0.0243	-0.0438
		0	0.0082	-0.0678
		0	0.0121	-0.0997
		0	0.0202	-0.0997
		0	0.004	-0.1076
		0	-0.0195	-0.0598
		0	0.0004	-0.1156
		0	0.0242	-0.0757
		0	-0.0079	-0.1076
		0	-0.0153	-0.1394
		0	0.012	-0.0358
		0	0.0041	-0.0837
		0	-0.0004	-0.0279
		0	0.0323	-0.0358
		0	0.0201	-0.0279
		0	-0.0122	-0.0358
		0	0.004	-0.0757
		0	0.0038	-0.1156
		0	-0.0155	-0.1156
		0	0.0082	-0.1156
		0	-0.0312	-0.0997
		0	0.0121	-0.0598
		0	0.0004	-0.0678
		0	0.0204	-0.0757
		0	0.0121	-0.0358
		0	-0.0001	-0.1156
		0	0.008	-0.0997


 element
wave