Mozilla/5.0 (Macintosh; Intel Mac OS X 10_9_5) AppleWebKit/537.36 (KHTML, like Gecko) Chrome/45.0.2454.93 Safari/537.36

 standard_deviation

 standard_deviation_mean
	0	0.0046	-0.0926

 standard_deviation
	0	0.0001	0.0011

 slope_aggression
	0	0.0144	0.0336

 sum
	0	0.9369	7.408

 raw
		0	-0.0084	-0.0917
		0	0.0116	-0.0837
		0	-0.0086	-0.0518
		0	0.0318	-0.0678
		0	-0.0088	-0.1235
		0	-0.0165	-0.1474
		0	0.0077	-0.1315
		0	-0.0084	-0.1315
		0	-0.0084	-0.1474
		0	0.0035	-0.1076
		0	0.0032	-0.1076
		0	0.0076	-0.0917
		0	-0.016	-0.1315
		0	-0.0004	-0.1076
		0	0.0116	-0.0837
		0	0.0196	-0.0438
		0	0.0034	-0.0518
		0	0.0076	-0.0359
		0	0.0238	-0.1235
		0	0.0237	-0.0917
		0	0.0074	-0.0438
		0	-0.02	-0.1235
		0	0.0237	-0.0837
		0	0.0076	-0.0279
		0	-0.012	-0.1156
		0	0.0037	-0.0518
		0	0.0237	-0.0438
		0	0.0196	-0.0757
		0	0.0115	-0.0678
		0	0.0035	-0.0917
		0	0.0035	-0.1076
		0	-0.0198	-0.1553
		0	-0.0124	-0.1553
		0	0.0037	-0.1553
		0	0.0076	-0.1235
		0	0.0237	-0.0359
		0	0.0117	-0.0678
		0	-0.0127	-0.1156
		0	-0.008	-0.1156
		0	0.0198	-0.0438
		0	0.0238	-0.0518
		0	0.0077	-0.0757
		0	-0.0004	-0.1315
		0	-0.0004	-0.1076
		0	0.012	-0.0757
		0	-0.02	-0.0678
		0	0.0196	-0.0837
		0	-0.0005	-0.0757
		0	0.0197	-0.0757
		0	-0.0004	-0.1553
		0	0.0116	-0.1076
		0	0.0114	-0.0359
		0	0.0195	-0.0678
		0	0.0035	-0.1235
		0	-0.0001	-0.0678
		0	-0.0004	-0.0518
		0	0.0037	-0.0917
		0	-0.0086	-0.1076
		0	0.0077	-0.0917
		0	0.0198	-0.0438
		0	0.0197	-0.0837
		0	0.0278	-0.1076
		0	0.0239	-0.0359
		0	-0.016	-0.1235
		0	0.0035	-0.0678
		0	-0.0165	-0.0837
		0	0.0277	-0.0837
		0	0.0074	-0.1235
		0	0.0074	-0.1156
		0	0.0037	-0.0678
		0	-0.008	-0.1076
		0	-0.0005	-0.0917
		0	0.0115	-0.0757
		0	0.0117	-0.1315
		0	-0.0088	-0.0438
		0	0.0239	-0.0678
		0	-0.0086	-0.1315
		0	-0.0086	-0.1315
		0	-0.0084	-0.1474
		0	-0.0158	-0.1474
		0	-0.0004	-0.0917


 element
wave