Mozilla/5.0 (Linux; Android 5.0.2; XT1034 Build/LXB22.46-32) AppleWebKit/537.36 (KHTML, like Gecko) Chrome/45.0.2454.94 Mobile Safari/537.36

 standard_deviation

 standard_deviation_mean
	0.6852	-0.485	0.077

 standard_deviation
	0.2134	0.1259	0.1309

 slope_aggresion
	0.1047	0.0343	0.1291

 sum
	61.4667	40.0058	20.9562

 raw
		0	-0.0001	-0.1376
		-0.0363	-0.0291	-0.1837
		0.2534	-0.0468	0.3771
		-0.0204	-0.0153	-0.1105
		-0.1526	-0.0041	-0.3448
		-0.1816	0.004	-0.4206
		-0.21	-0.008	-0.4843
		-0.174	0.0189	-0.4304
		-0.2708	0.0568	-0.5835
		0.4521	0.0615	0.7472
		0.993	0.045	0.3447
		-0.9845	0.3061	-0.318
		0.961	-0.0327	0.446
		0.9519	-0.0664	0.4842
		0.865	-0.0686	0.7776
		0.8139	-0.064	0.8667
		0.8668	-0.0874	0.7618
		0.8453	-0.0853	0.802
		0.8906	-0.1147	0.69
		0.9219	-0.138	0.5834
		0.9338	-0.1692	0.505
		0.9411	-0.1846	0.443
		0.9435	-0.2085	0.3862
		0.954	-0.2548	0.3217
		0.9473	-0.2528	0.3262
		0.9478	-0.27	0.3008
		0.9367	-0.2861	0.3572
		0.9257	-0.3175	0.3759
		0.9476	-0.351	0.2448
		0.9382	-0.3566	0.2814
		0.9549	-0.3956	0.1789
		0.966	-0.4398	0.0862
		0.9493	-0.4571	0.1471
		0.9519	-0.4968	0.1365
		0.9438	-0.5087	0.1711
		0.9423	-0.528	0.1469
		0.948	-0.5436	0.0871
		0.9475	-0.5891	0.0856
		0.9431	-0.617	0.0727
		0.9458	-0.623	0.0229
		0.9487	-0.6587	-0.0042
		0.9552	-0.6823	-0.0485
		0.9503	-0.6964	-0.0303
		0.9516	-0.7129	-0.0334
		0.9433	-0.7127	-0.0102
		0.9451	-0.725	-0.0265
		0.9391	-0.7414	-0.0161
		0.9421	-0.744	-0.0438
		0.9452	-0.7711	-0.0221
		0.9488	-0.7977	-0.0577
		0.94	-0.8186	-0.0271
		0.9433	-0.8375	-0.0624
		0.9317	-0.8506	-0.0329
		0.9407	-0.8623	-0.0969
		0.9463	-0.8831	-0.1212
		0.9298	-0.8884	-0.0479
		0.9266	-0.9134	-0.0014
		0.9309	-0.9228	-0.0237
		0.9357	-0.9276	-0.0429
		0.9324	-0.9343	-0.0444
		0.939	-0.946	-0.0602
		0.9421	-0.9582	-0.0462
		0.9395	-0.959	-0.0531
		0.9401	-0.963	-0.1068
		0.9394	-0.9699	-0.1068
		0.9312	-0.9714	-0.0987
		0.9416	-0.9778	-0.0994
		0.9401	-0.981	-0.0767
		0.9403	-0.9824	-0.0996
		0.9274	-0.9773	-0.0776
		0.8654	-0.9286	0.0898
		0.7995	-0.8124	0.3339
		0.6092	-0.6704	0.8613
		0.396	-0.366	0.9626
		-0.0526	-0.4752	0.1506
		-0.1499	-0.4593	-0.2401
		-0.0254	-0.3576	-0.2628
		-0.1554	-0.38	-0.5168
		-0.2842	-0.3727	-0.7419
		-0.1656	-0.3177	-0.6065
		-0.2398	-0.2626	-0.7161


 element
wave