Mozilla/5.0 (Macintosh; Intel Mac OS X 10_9_5) AppleWebKit/537.36 (KHTML, like Gecko) Chrome/45.0.2454.93 Safari/537.36

 standard_deviation

 standard_deviation_mean
	0	0.0178	-0.075

 standard_deviation
	0	0.0002	0.0014

 slope_aggresion
	0	0.0198	0.0496

 sum
	0	1.6016	5.9656

 raw
		0	0.0237	-0.0558
		0	-0.0042	-0.1514
		0	0.0315	-0.0638
		0	0.0317	-0.0159
		0	0.0355	-0.0957
		0	0.0395	-0.0797
		0	0.0356	-0.0318
		0	-0.0007	-0.0957
		0	0.0397	-0.0398
		0	0.0317	-0.0318
		0	0.0157	-0.0797
		0	0.0159	-0.0957
		0	-0.0009	-0.1355
		0	0.0356	-0.0398
		0	0.0154	-0.1355
		0	0.0235	-0.0797
		0	-0.0047	-0.0797
		0	0.0355	-0.0797
		0	0.0394	-0.0558
		0	0.0114	-0.0717
		0	0.0517	-0.0239
		0	0.0117	-0.0797
		0	0.0192	-0.0717
		0	-0.0042	-0.0638
		0	0.0157	-0.0638
		0	-0.0001	-0.1036
		0	0.0114	-0.1036
		0	0.0354	-0.1036
		0	-0.0042	-0.1514
		0	0.0154	-0.0318
		0	0.0314	-0.0797
		0	0.0154	-0.0558
		0	0.0234	-0.0797
		0	0.0234	-0.0797
		0	0.0037	-0.0638
		0	0.0197	-0.0638
		0	-0.004	-0.0717
		0	0.0154	-0.0797
		0	0.0193	-0.1036
		0	0.0355	-0.0797
		0	0.0354	-0.0239
		0	0.0234	-0.1355
		0	-0.0047	-0.0558
		0	0.0315	-0.0159
		0	0.0194	-0.0638
		0	0.0517	0.0081
		0	0.0117	-0.1036
		0	0.0198	-0.0638
		0	0.0435	0.0001
		0	-0.004	-0.0638
		0	0.0315	-0.0558
		0	-0.008	-0.1593
		0	0.0355	-0.0318
		0	0.0355	0.0081
		0	0.0039	-0.0717
		0	0.0154	-0.0957
		0	0.0153	-0.0239
		0	0.0037	-0.1036
		0	-0.0159	-0.0638
		0	-0.004	-0.1196
		0	0.0395	-0.0159
		0	0.0037	-0.0957
		0	0.0194	-0.0558
		0	0.0159	-0.0957
		0	0.0231	-0.0239
		0	-0.0082	-0.1355
		0	0.0157	-0.0957
		0	0.0234	-0.0318
		0	0.0194	-0.1355
		0	-0.0003	-0.0957
		0	0.0114	-0.1355
		0	0.0315	-0.0318
		0	-0.0162	-0.1514
		0	0.0235	-0.0957
		0	0.0117	-0.0957
		0	0.0317	-0.0558
		0	0.0154	-0.0957
		0	0.0194	-0.0398
		0	0.0234	-0.0797
		0	-0.0007	-0.0717
		0	0.0114	-0.1355


 element
wave