Mozilla/5.0 (Macintosh; Intel Mac OS X 10_9_5) AppleWebKit/537.36 (KHTML, like Gecko) Chrome/45.0.2454.93 Safari/537.36

 standard_deviation

 standard_deviation_mean
	0	-0.0029	-0.0958

 standard_deviation
	0	0.0002	0.0012

 slope_aggresion
	0	0.0164	0.0429

 sum
	0	0.9962	7.7347

 raw
		0	-0.0163	-0.1275
		0	-0.0005	-0.0558
		0	0.0244	-0.0399
		0	-0.0038	-0.1593
		0	-0.0078	-0.0797
		0	0.0001	-0.0877
		0	-0.0235	-0.1195
		0	0.0041	-0.0718
		0	-0.0075	-0.1195
		0	0.0001	-0.1275
		0	-0.0161	-0.1354
		0	-0.0242	-0.0957
		0	-0.0159	-0.1116
		0	-0.0163	-0.0877
		0	0.0121	-0.1116
		0	0.0161	-0.1116
		0	0.0162	-0.1513
		0	-0.0163	-0.0797
		0	-0.0239	-0.1116
		0	0.0203	-0.0478
		0	-0.0038	-0.1275
		0	0.0041	-0.0718
		0	-0.0159	-0.0797
		0	-0.0272	-0.1275
		0	-0.0201	-0.0797
		0	-0.0035	-0.1116
		0	0.0163	-0.0558
		0	-0.0155	-0.1116
		0	-0.0038	-0.1513
		0	-0.0159	-0.1116
		0	0.004	-0.0718
		0	0.004	-0.0718
		0	-0.0195	-0.1354
		0	0.0002	-0.1593
		0	0.0203	-0.0797
		0	0.0243	-0.0877
		0	-0.004	-0.1195
		0	-0.0279	-0.1354
		0	0.0042	-0.0877
		0	-0.0159	-0.1275
		0	-0.0163	-0.0957
		0	0.0041	-0.0478
		0	-0.0201	-0.1275
		0	0.0163	-0.0957
		0	-0.0235	-0.1354
		0	-0.0078	-0.0558
		0	0.0163	-0.0877
		0	-0.0078	-0.1354
		0	-0.008	-0.1275
		0	-0.0155	-0.1195
		0	0.0162	-0.0718
		0	0.0203	-0.0718
		0	-0.0161	-0.0478
		0	0.0121	0.008
		0	-0.0282	-0.0957
		0	-0.0038	-0.1195
		0	-0.008	-0.1116
		0	-0.0038	-0.1116
		0	-0.0082	-0.0957
		0	-0.0235	-0.1116
		0	0.0002	-0.0957
		0	-0.0038	-0.1275
		0	-0.0193	-0.0957
		0	-0.0078	-0.0797
		0	0.0163	-0.1672
		0	0.0125	-0.0718
		0	0.0121	-0.0478
		0	-0.0041	-0.0797
		0	-0.0041	-0.0957
		0	-0.0075	-0.1116
		0	-0.0082	-0.0877
		0	0.0243	-0.0319
		0	0.0042	-0.1195
		0	0.0039	-0.0399
		0	0.0041	-0.0877
		0	0.0002	-0.0079
		0	0.0163	-0.0957
		0	0.0121	-0.0159
		0	-0.0275	-0.1593
		0	0.0162	-0.1116
		0	0.0041	-0.0399


 element
wave