Mozilla/5.0 (Macintosh; Intel Mac OS X 10_9_5) AppleWebKit/537.36 (KHTML, like Gecko) Chrome/45.0.2454.93 Safari/537.36

 standard_deviation

 standard_deviation_mean
	0	-0.018	-0.0918

 standard_deviation
	0	0.0001	0.0013

 slope_aggresion
	0	0.016	0.0382

 sum
	0	1.5141	7.4401

 raw
		0	-0.0122	-0.1195
		0	-0.016	-0.1275
		0	-0.0001	-0.1116
		0	-0.0163	-0.0877
		0	-0.0241	-0.0718
		0	-0.0316	-0.1672
		0	-0.0124	-0.1116
		0	-0.0444	-0.1354
		0	-0.0202	-0.1195
		0	-0.0321	-0.1116
		0	-0.0163	-0.0877
		0	-0.0121	-0.0877
		0	-0.0241	-0.0877
		0	-0.0162	-0.0877
		0	0.004	-0.0877
		0	-0.0321	-0.1116
		0	-0.0122	-0.0718
		0	-0.0122	-0.0718
		0	-0.0357	-0.1354
		0	-0.016	-0.1593
		0	0.0041	-0.0797
		0	0.008	-0.0877
		0	-0.0202	-0.1195
		0	-0.0357	-0.1275
		0	-0.0038	-0.0319
		0	0.0001	-0.0319
		0	-0.0122	-0.1513
		0	-0.0357	-0.0957
		0	-0.0162	-0.0957
		0	-0.0327	-0.0718
		0	-0.0395	-0.0797
		0	-0.0323	-0.0558
		0	-0.0442	-0.1513
		0	-0.0357	-0.1354
		0	-0.012	-0.0718
		0	-0.0317	-0.1195
		0	-0.0001	-0.0718
		0	0.0041	-0.0718
		0	-0.0323	-0.0478
		0	-0.0042	0.008
		0	-0.0444	-0.0957
		0	-0.0201	-0.1195
		0	-0.0243	-0.1116
		0	-0.0201	-0.1116
		0	-0.0244	-0.0957
		0	-0.016	-0.0877
		0	-0.0243	-0.0957
		0	-0.0162	-0.0797
		0	-0.0321	-0.0478
		0	-0.0121	-0.0718
		0	0.0041	-0.1275
		0	-0.0397	-0.1116
		0	0.0001	-0.1354
		0	-0.0362	-0.0718
		0	-0.0121	-0.1195
		0	-0.0325	-0.0797
		0	-0.0244	-0.0877
		0	0.0081	-0.0319
		0	-0.012	-0.1195
		0	-0.0124	-0.0399
		0	-0.0121	-0.0877
		0	-0.016	-0.0079
		0	0	-0.0957
		0	-0.0041	-0.0159
		0	-0.0437	-0.1593
		0	-0.0001	-0.1116
		0	-0.0121	-0.0399
		0	-0.0321	-0.1116
		0	-0.0162	-0.0797
		0	-0.0243	-0.0957
		0	-0.0198	-0.1275
		0	-0.0243	-0.0877
		0	-0.0244	-0.1275
		0	-0.0321	-0.1195
		0	-0.0122	-0.0718
		0	-0.0041	-0.1354
		0	-0.0001	-0.0558
		0	-0.0121	-0.0558
		0	-0.004	-0.0718
		0	-0.0124	-0.0877
		0	-0.0039	-0.0079


 element
wave