Mozilla/5.0 (Macintosh; Intel Mac OS X 10_9_5) AppleWebKit/537.36 (KHTML, like Gecko) Chrome/45.0.2454.93 Safari/537.36

 standard_deviation

 standard_deviation_mean
	0	0.0111	-0.0993

 standard_deviation
	0	0.0002	0.0015

 slope_aggression
	0	0.0128	0.0398

 sum
	0	1.2087	7.9161

 raw
		0	0.0161	-0.0478
		0	0.0203	-0.0797
		0	0.0125	-0.1195
		0	0.0201	-0.0957
		0	0.0163	-0.0558
		0	0.02	-0.0558
		0	0.0199	-0.0877
		0	0.0483	-0.0159
		0	0.0159	-0.0399
		0	0.0159	-0.1434
		0	0.0201	-0.0877
		0	-0.0002	-0.0957
		0	-0.0037	-0.1592
		0	0.0077	-0.1036
		0	0.0201	-0.0877
		0	0.0078	-0.1275
		0	0.032	-0.0558
		0	0.0119	-0.0957
		0	-0.0001	-0.0957
		0	0.0158	-0.0957
		0	0.0161	-0.1354
		0	0.0117	-0.1354
		0	-0.0041	-0.2066
		0	-0.0196	-0.1751
		0	0.0003	-0.0957
		0	0.0201	-0.0558
		0	0.0116	-0.1036
		0	0.0159	-0.0957
		0	-0.0196	-0.1434
		0	-0.0193	-0.1195
		0	-0.0196	-0.1671
		0	-0.0074	-0.1354
		0	-0.0114	-0.1275
		0	0.0159	-0.1036
		0	0.02	-0.0957
		0	0.0201	-0.0638
		0	0.0005	-0.0239
		0	0.012	-0.1275
		0	0.0003	-0.1036
		0	-0.0002	-0.008
		0	0.02	-0.0957
		0	-0.0002	-0.1434
		0	0.0402	-0.0399
		0	0.0119	-0.0957
		0	0.02	-0.0797
		0	-0.0045	-0.1434
		0	-0.0041	-0.1671
		0	0.0201	-0.0638
		0	0.012	-0.0957
		0	0.0159	-0.0399
		0	-0.0043	-0.1354
		0	0.02	-0.0797
		0	0.0201	-0.0957
		0	0.0281	-0.0638
		0	0.0281	-0.0638
		0	0.0078	-0.0638
		0	0.008	-0.0877
		0	-0.0236	-0.183
		0	0.012	-0.0957
		0	0.0483	-0.0957
		0	0.0201	-0.0797
		0	0.0119	-0.1036
		0	-0.0076	-0.1671
		0	-0.0037	-0.1354
		0	0.0119	-0.1036
		0	-0.0041	-0.1195
		0	0.0201	-0.1275
		0	0.0195	-0.0877
		0	0.0159	-0.0957
		0	0.0281	-0.0239
		0	0.0123	-0.1275
		0	0.0078	-0.1036
		0	0.0078	-0.0877
		0	0.0161	-0.1195
		0	0.0203	-0.0877
		0	0.032	-0.0478
		0	0.0321	-0.0478
		0	0.012	-0.0957
		0	-0.0041	-0.1195
		0	-0.0002	-0.1434
		0	0.0159	-0.1195


 element
wave