Mozilla/5.0 (Macintosh; Intel Mac OS X 10_9_5) AppleWebKit/537.36 (KHTML, like Gecko) Chrome/45.0.2454.93 Safari/537.36

 standard_deviation

 standard_deviation_mean
	0	0.0093	-0.0933

 standard_deviation
	0	0.0001	0.0014

 slope_aggression
	0	0.0139	0.0427

 sum
	0	1.0676	7.4554

 raw
		0	0.0123	-0.0837
		0	0.0158	-0.0757
		0	0.0123	-0.1156
		0	-0.0037	-0.1156
		0	-0.0002	-0.0757
		0	0.008	-0.0837
		0	0.0085	-0.0837
		0	0.0161	-0.0359
		0	-0.0085	-0.0757
		0	-0.0114	-0.1712
		0	0.008	-0.1235
		0	0.0199	-0.0837
		0	-0.0001	-0.187
		0	0.0119	-0.0518
		0	0.0123	-0.1156
		0	0.0003	-0.1315
		0	0.0078	-0.1156
		0	0.0159	-0.0837
		0	0.012	-0.0757
		0	0.008	-0.1474
		0	0.0078	-0.1076
		0	0.0083	-0.0757
		0	0.0119	-0.0438
		0	-0.0085	-0.1712
		0	0.0003	-0.1553
		0	0.0078	-0.1156
		0	0.0159	-0.1076
		0	-0.0074	-0.1235
		0	0.008	-0.1474
		0	0.0281	-0.0678
		0	0.0078	-0.0837
		0	0.0003	-0.0837
		0	0.0204	-0.0757
		0	0.0199	-0.0359
		0	-0.0282	-0.1474
		0	-0.0116	-0.1474
		0	0.0083	-0.0917
		0	0.0203	-0.0837
		0	0.008	-0.0518
		0	0.0119	-0.0678
		0	-0.0037	-0.1156
		0	0.0075	-0.0837
		0	-0.0114	-0.1315
		0	-0.0001	-0.0518
		0	-0.0004	-0.1076
		0	0.0321	-0.0279
		0	0.0123	-0.1315
		0	0.0158	-0.0917
		0	0.0199	-0.0359
		0	0.036	-0.0678
		0	0.0119	-0.1553
		0	0.02	-0.1315
		0	0.008	-0.1156
		0	-0.0081	-0.0438
		0	0.0159	-0.0438
		0	0.012	-0.0837
		0	0.0119	-0.0917
		0	-0.0043	-0.1076
		0	0.0281	-0.0678
		0	0.0283	0.004
		0	0.0281	-0.0518
		0	-0.0001	-0.1156
		0	0.0279	-0.1235
		0	0.0402	-0.0438
		0	0.0117	-0.0837
		0	0.0119	-0.0757
		0	-0.0081	-0.1076
		0	0.0085	-0.1474
		0	-0.0244	-0.0837
		0	0.0083	-0.1156
		0	0.0322	-0.0518
		0	-0.0004	-0.1156
		0	0.0159	-0.0438
		0	0.02	-0.0678
		0	0.0075	-0.1235
		0	-0.0233	-0.1632
		0	0.032	-0.0438
		0	0.0199	-0.0678
		0	0.0159	-0.0518
		0	0.0078	-0.0757
		0	0.0161	-0.1076


 element
wave