Mozilla/5.0 (Linux; Android 5.0.2; XT1034 Build/LXB22.46-32) AppleWebKit/537.36 (KHTML, like Gecko) Chrome/45.0.2454.94 Mobile Safari/537.36

 standard_deviation

 standard_deviation_mean
	0.0121	0.0012	0.0183

 standard_deviation
	0.0001	0	0.0001

 slope_aggression
	0.0105	0.0078	0.0132

 sum
	1.0752	0.4556	1.5393

 raw
		0.0038	-0.0069	0.0085
		0.0237	0.0004	0.025
		0.0363	-0.0087	0.0407
		-0.0004	0.0041	-0.0081
		0	-0.0119	0.0084
		0.0048	0.0004	0.0085
		0.0114	0.0027	0.0166
		0.0105	0.004	0.0167
		0.0086	-0.0023	0.0165
		0.0063	-0.0042	0.017
		0.0085	0.0026	0.0249
		-0.0012	0.0041	0.0002
		0.0029	0.0077	-0.0081
		0.0268	0.0126	0.0252
		0.0082	0.0113	0.0002
		0.0109	0.004	0.0085
		0.007	0.0054	0.0169
		0.0098	-0.0069	0.0167
		0.0078	-0.0083	0.0166
		0.007	0.0004	0.025
		0.0222	0.0026	0.0414
		0.0189	0.0063	0.0166
		0.0189	0.004	0.0085
		0.0159	-0.0072	0.0081
		0.0166	0.0049	0.0165
		0.0019	-0.0046	0.0001
		0.0225	0.004	0.025
		0.0322	0.0134	0.0414
		0.01	-0.0059	0.0165
		0.0273	-0.0023	0.0247
		0.0116	-0.0158	0.008
		-0.0077	0.0041	-0.0164
		0.0095	0.004	0.0167
		-0.0116	0.0004	-0.0081
		0.0001	-0.0132	0.0082
		0.008	0.0054	0.0086
		0.017	0.009	0.0335
		-0.0084	-0.0032	0.0085
		0.0033	0.0018	0.0086
		0.0104	0.0035	0.0163
		0.0183	0.0162	0.0252
		-0.0021	0.0027	0.0084
		0.0083	0.0068	0.0254
		0.0123	-0.0006	0.0254
		0.019	0.0104	0.017
		0.0104	0.0141	0.0087
		-0.0057	0.0018	0.0002
		-0.0074	-0.0106	0.0002
		0.0112	-0.0106	0.0167
		0.0302	-0.0056	0.0335
		0.0224	0.0098	0.0249
		0.0204	-0.0033	0.0333
		-0.0007	-0.0092	0.0086
		-0.0004	-0.0019	0.0086
		0.0229	0.0112	0.0333
		0.0262	0.0076	0.0333
		0.0212	-0.0033	0.0333
		0.0141	0.0004	0.025
		0.003	0.0017	0.0169
		0.014	-0.001	0.0249
		0.0231	0.0017	0.0335
		0.0012	0.0054	0.0086
		0.0095	0.0049	0.0165
		0.0329	-0.0011	0.0414
		-0.0061	0.0013	0
		0.0275	-0.0011	0.0496
		0.0084	0.0126	0.0252
		0.0112	-0.0019	0.0169
		0.0147	-0.0042	0.017
		0.0197	-0.0043	0.0254
		0.0237	0.0103	0.0421
		0.0165	-0.0046	0.0166
		0.0142	0.0063	0.0084
		0.0086	0.0004	0.0167
		0.0068	0.0107	0.0163
		0.0147	-0.0109	0.0245
		0.0281	0.0062	0.0331
		0.0231	-0.0083	0.0414
		0.0195	0.0036	0.0259
		0.0226	0.0017	0.0335
		0.0135	0.009	0.0252


 element
wave