Mozilla/5.0 (Linux; Android 5.1.1; Nexus 5 Build/LMY48M) AppleWebKit/537.36 (KHTML, like Gecko) Chrome/45.0.2454.94 Mobile Safari/537.36

 standard_deviation

 standard_deviation_mean
	0.0075	-0.0003	-0.0274

 standard_deviation
	0	0	0

 slope_aggression
	0.0001	0	0

 sum
	1.2055	0.0803	4.3829

 raw
		0	-0.0001	-0.0301
		0	-0.0001	-0.0301
		0.0023	-0.0002	-0.0295
		0.0023	-0.0002	-0.0295
		0.0023	-0.0002	-0.0295
		0.0023	-0.0002	-0.0295
		0.0046	-0.0005	-0.0288
		0.0046	-0.0005	-0.0288
		0.0046	-0.0005	-0.0288
		0.0046	-0.0005	-0.0288
		0.0046	-0.0005	-0.0288
		0.0046	-0.0005	-0.0288
		0.0065	-0.0004	-0.0285
		0.0065	-0.0004	-0.0285
		0.0065	-0.0004	-0.0285
		0.0065	-0.0004	-0.0285
		0.0065	-0.0004	-0.0285
		0.0065	-0.0004	-0.0285
		0.0082	0.0001	-0.0284
		0.0082	0.0001	-0.0284
		0.0082	0.0001	-0.0284
		0.0082	0.0001	-0.0284
		0.0082	0.0001	-0.0284
		0.0082	0.0001	-0.0284
		0.0082	0.0001	-0.0284
		0.0082	0.0001	-0.0284
		0.0082	0.0001	-0.0284
		0.0082	0.0001	-0.0284
		0.0082	0.0001	-0.0284
		0.0082	0.0001	-0.0284
		0.0082	0.0001	-0.0284
		0.0102	0.0005	-0.0279
		0.0102	0.0005	-0.0279
		0.0102	0.0005	-0.0279
		0.0102	0.0005	-0.0279
		0.0102	0.0005	-0.0279
		0.0102	0.0005	-0.0279
		0.0102	0.0005	-0.0279
		0.0102	0.0005	-0.0279
		0.0102	0.0005	-0.0279
		0.0102	0.0005	-0.0279
		0.0102	0.0005	-0.0279
		0.0102	0.0005	-0.0279
		0.0102	0.0005	-0.0279
		0.0102	0.0005	-0.0279
		0.0102	0.0005	-0.0279
		0.0102	0.0005	-0.0279
		0.0102	0.0005	-0.0279
		0.0102	0.0005	-0.0279
		0.0102	0.0005	-0.0279
		0.0102	0.0005	-0.0279
		0.0102	0.0005	-0.0279
		0.0102	0.0005	-0.0279
		0.0102	0.0005	-0.0279
		0.0102	0.0005	-0.0279
		0.0102	0.0005	-0.0279
		0.0102	0.0005	-0.0279
		0.0102	0.0005	-0.0279
		0.0102	0.0005	-0.0279
		0.0102	0.0005	-0.0279
		0.0102	0.0005	-0.0279
		0.0085	-0.0006	-0.0278
		0.0085	-0.0006	-0.0278
		0.0085	-0.0006	-0.0278
		0.0085	-0.0006	-0.0278
		0.0085	-0.0006	-0.0278
		0.0085	-0.0006	-0.0278
		0.0085	-0.0006	-0.0278
		0.0085	-0.0006	-0.0278
		0.0085	-0.0006	-0.0278
		0.0085	-0.0006	-0.0278
		0.0103	-0.0008	-0.0292
		0.0103	-0.0008	-0.0292
		0.0103	-0.0008	-0.0292
		0.0103	-0.0008	-0.0292
		0.0103	-0.0008	-0.0292
		0.0103	-0.0008	-0.0292
		0.0103	-0.0008	-0.0292
		0.0103	-0.0008	-0.0292
		0.0103	-0.0008	-0.0292
		0.0082	-0.0003	-0.0274
		0.0082	-0.0003	-0.0274
		0.0082	-0.0003	-0.0274
		0.0082	-0.0003	-0.0274
		0.0082	-0.0003	-0.0274
		0.0082	-0.0003	-0.0274
		0.0082	-0.0003	-0.0274
		0.0082	-0.0003	-0.0274
		0.0082	-0.0003	-0.0274
		0.0082	-0.0003	-0.0274
		0.0082	-0.0003	-0.0274
		0.0064	-0.0006	-0.0264
		0.0064	-0.0006	-0.0264
		0.0064	-0.0006	-0.0264
		0.0064	-0.0006	-0.0264
		0.0064	-0.0006	-0.0264
		0.0064	-0.0006	-0.0264
		0.0064	-0.0006	-0.0264
		0.0064	-0.0006	-0.0264
		0.0064	-0.0006	-0.0264
		0.0064	-0.0006	-0.0264
		0.0064	-0.0006	-0.0264
		0.0064	-0.0006	-0.0264
		0.0064	-0.0006	-0.0264
		0.0064	-0.0006	-0.0264
		0.0064	-0.0006	-0.0264
		0.0064	-0.0006	-0.0264
		0.0064	-0.0006	-0.0264
		0.0064	-0.0006	-0.0264
		0.0064	-0.0006	-0.0264
		0.0064	-0.0006	-0.0264
		0.0064	-0.0006	-0.0264
		0.0064	-0.0006	-0.0264
		0.0064	-0.0006	-0.0264
		0.0064	-0.0006	-0.0264
		0.0064	-0.0006	-0.0264
		0.0064	-0.0006	-0.0264
		0.0064	-0.0006	-0.0264
		0.0064	-0.0006	-0.0264
		0.0064	-0.0006	-0.0264
		0.0064	-0.0006	-0.0264
		0.0064	-0.0006	-0.0264
		0.0064	-0.0006	-0.0264
		0.0064	-0.0006	-0.0264
		0.0064	-0.0006	-0.0264
		0.0064	-0.0006	-0.0264
		0.0064	-0.0006	-0.0264
		0.0064	-0.0006	-0.0264
		0.0064	-0.0006	-0.0264
		0.0064	-0.0006	-0.0264
		0.0064	-0.0006	-0.0264
		0.0064	-0.0006	-0.0264
		0.0064	-0.0006	-0.0264
		0.0064	-0.0006	-0.0264
		0.0064	-0.0006	-0.0264
		0.0064	-0.0006	-0.0264
		0.0064	-0.0006	-0.0264
		0.0064	-0.0006	-0.0264
		0.0064	-0.0006	-0.0264
		0.0064	-0.0006	-0.0264
		0.0064	-0.0006	-0.0264
		0.0064	-0.0006	-0.0264
		0.0064	-0.0006	-0.0264
		0.0064	-0.0006	-0.0264
		0.0064	-0.0006	-0.0264
		0.0064	-0.0006	-0.0264
		0.0064	-0.0006	-0.0264
		0.0064	-0.0006	-0.0264
		0.0064	-0.0006	-0.0264
		0.0064	-0.0006	-0.0264
		0.0064	-0.0006	-0.0264
		0.0064	-0.0006	-0.0264
		0.0064	-0.0006	-0.0264
		0.0064	-0.0006	-0.0264
		0.0064	-0.0006	-0.0264
		0.0064	-0.0006	-0.0264
		0.0064	-0.0006	-0.0264
		0.0064	-0.0006	-0.0264
		0.0064	-0.0006	-0.0264
		0.0064	-0.0006	-0.0264
		0.0064	-0.0006	-0.0264


 element
wave