Mozilla/5.0 (Macintosh; Intel Mac OS X 10_9_5) AppleWebKit/537.36 (KHTML, like Gecko) Chrome/45.0.2454.99 Safari/537.36

 standard_deviation

 standard_deviation_mean
	0	0.0053	-0.071

 standard_deviation
	0	0.0001	0.0012

 slope_aggression
	0	0.0174	0.0432

 sum
	0	0.9323	5.751

 raw
		0	0.0078	-0.0997
		0	-0.0084	-0.0039
		0	0.0044	-0.0837
		0	-0.0005	-0.0757
		0	0.0078	-0.0678
		0	-0.0086	-0.0997
		0	0.0204	-0.0678
		0	-0.0075	-0.0997
		0	0.032	-0.0358
		0	-0.0003	-0.0598
		0	-0.0003	-0.0757
		0	-0.0124	-0.1076
		0	-0.0081	-0.1076
		0	0.0118	-0.0757
		0	0.0037	-0.0358
		0	0.012	-0.0598
		0	0.0239	-0.0997
		0	0.0236	-0.0438
		0	0.004	-0.0837
		0	0.028	0.0041
		0	0.0037	-0.0678
		0	0.0284	-0.0358
		0	-0.0003	-0.0837
		0	-0.0081	-0.1076
		0	0.0196	-0.0837
		0	0.0037	-0.0438
		0	0.0037	-0.0757
		0	0.0118	-0.0757
		0	-0.0112	-0.1156
		0	0.0241	-0.0438
		0	-0.0081	-0.1076
		0	0.0037	0.0041
		0	0.0118	-0.0997
		0	0.0044	-0.0279
		0	-0.0155	-0.1156
		0	0.0078	-0.0678
		0	-0.0003	-0.0279
		0	-0.0003	-0.1076
		0	0.008	-0.0997
		0	-0.0081	-0.1076
		0	0.0238	-0.0438
		0	0.0236	-0.0279
		0	0.008	-0.0358
		0	0.0199	0.036
		0	-0.0003	-0.0837
		0	0.0076	-0.0757
		0	0.0238	-0.0438
		0	-0.0152	-0.1791
		0	-0.0003	-0.0837
		0	0.008	-0.0997
		0	-0.0285	-0.1394
		0	0.0035	-0.0678
		0	0.0199	-0.0279
		0	-0.0081	-0.1235
		0	-0.0164	-0.0837
		0	0.0118	-0.0997
		0	0.008	-0.0598
		0	0.0241	-0.0598
		0	-0.0084	-0.0837
		0	0.0118	-0.0279
		0	0.0118	-0.0438
		0	-0.0115	-0.1076
		0	0.0076	-0.0678
		0	-0.0124	-0.0757
		0	0.0046	-0.0997
		0	0.0078	-0.0438
		0	-0.0086	-0.0438
		0	0.032	-0.0997
		0	0.0118	-0.0678
		0	-0.0121	-0.0199
		0	0.0197	-0.0678
		0	0.008	-0.1076
		0	0.004	-0.0997
		0	0.0201	-0.0279
		0	-0.0201	-0.1156
		0	-0.0086	-0.0678
		0	0.0197	-0.0438
		0	0.0201	-0.0678
		0	-0.0001	-0.0598
		0	0.0116	-0.0598
		0	-0.0084	-0.0837


 element
wave