Mozilla/5.0 (Linux; Android 5.0.2; XT1034 Build/LXB22.46-32) AppleWebKit/537.36 (KHTML, like Gecko) Chrome/45.0.2454.94 Mobile Safari/537.36

 standard_deviation

 standard_deviation_mean
	-0.0224	-0.002	-0.048

 standard_deviation
	0.0005	0	0.0004

 slope_aggression
	0.0221	0.0085	0.026

 sum
	2.1543	0.5423	3.8535

 raw
		0	-0.0001	-0.093
		-0.0068	-0.0252	-0.0701
		0.0258	-0.0185	-0.0342
		0.036	0.0048	-0.0553
		0.0159	-0.0061	-0.0375
		0.0001	0.0028	-0.0666
		-0.035	-0.0172	-0.0487
		-0.0023	-0.0052	-0.023
		-0.017	-0.0139	-0.0367
		0.022	-0.0048	0.001
		-0.0151	0.0011	-0.0645
		-0.0275	-0.0089	-0.0635
		-0.0398	-0.0198	-0.0615
		-0.0407	-0.0141	-0.0496
		-0.0378	-0.0113	-0.0635
		0.021	-0.005	-0.0101
		-0.0191	0.0037	-0.0918
		-0.0434	-0.0149	-0.0487
		-0.0263	-0.0064	-0.0505
		-0.0361	-0.0053	-0.0753
		-0.0229	-0.0001	-0.0524
		-0.0553	-0.0017	-0.0505
		-0.0447	-0.012	-0.0101
		-0.0152	0.0074	-0.0666
		-0.0123	0.0046	-0.093
		0.005	0.0045	-0.0524
		-0.0196	-0.0113	-0.0635
		0.0045	0.002	-0.0655
		-0.0092	-0.0024	-0.0524
		-0.0317	0.0034	-0.0645
		-0.0339	-0.0056	-0.0487
		-0.0317	-0.0056	-0.0514
		-0.0517	-0.0022	-0.0764
		0.0151	0.0041	-0.0253
		-0.0308	-0.011	-0.0505
		-0.013	-0.0077	-0.0384
		-0.0222	-0.0014	-0.0775
		-0.0342	-0.0076	-0.0753
		-0.0126	-0.0098	-0.023
		-0.026	-0.0133	-0.0478
		-0.0216	0.0043	-0.0655
		-0.0362	-0.0067	-0.0237
		-0.051	-0.0028	-0.0625
		0.0137	-0.0017	0.0004
		-0.0447	0.0014	-0.0918
		-0.0379	-0.01	-0.0358
		-0.0245	0.0007	-0.0534
		-0.0627	-0.013	-0.0743
		-0.025	-0.003	-0.0384
		0.0045	0.002	-0.0122
		-0.0048	-0.0053	-0.0384
		0.0157	0.0106	-0.0677
		0.0041	0.0043	-0.0655
		0.0042	0.007	-0.0392
		-0.0688	-0.0056	-0.0514
		-0.0362	0.0085	-0.0543
		-0.0163	-0.0075	-0.023
		-0.0005	0.001	-0.0401
		-0.0128	0.0068	-0.0524
		-0.0708	-0.0144	-0.0625
		-0.0338	0.007	-0.0392
		-0.041	0.0117	-0.0553
		-0.0469	0.0045	-0.0524
		-0.0616	-0.0064	-0.0505
		-0.0176	-0.0036	-0.0245
		-0.0312	0.0045	-0.0524
		-0.0071	0.0045	-0.0143
		-0.0402	0.0045	-0.0524
		-0.0284	0.0016	-0.0543
		-0.0118	0.0063	-0.0253
		-0.0279	0.0095	-0.026
		-0.0626	0.0001	-0.0764
		-0.0237	0.0077	-0.0534
		-0.0042	0.0074	-0.0128
		-0.0332	-0.0017	0.0004
		-0.031	0.0072	-0.026
		-0.0241	0.0085	-0.0543
		-0.0519	-0.0081	-0.0615
		-0.0288	-0.0002	0.001
		-0.0346	0.0142	-0.0419
		-0.0353	0.0101	-0.0401


 element
wave