Mozilla/5.0 (Macintosh; Intel Mac OS X 10_9_5) AppleWebKit/537.36 (KHTML, like Gecko) Chrome/45.0.2454.93 Safari/537.36

 standard_deviation

 standard_deviation_mean
	0	0.0103	-0.0798

 standard_deviation
	0	0.0001	0.001

 slope_aggression
	0	0.015	0.0341

 sum
	0	1.0347	6.3646

 raw
		0	0.0166	-0.0757
		0	0.0407	-0.0358
		0	-0.0071	-0.0997
		0	0.0204	-0.1076
		0	0.0125	-0.0678
		0	0.0086	-0.0678
		0	0.0286	-0.0598
		0	0.0086	-0.0199
		0	0.0165	-0.0757
		0	0.0126	-0.0837
		0	-0.0039	-0.1076
		0	0.0286	-0.0678
		0	-0.0037	-0.1156
		0	0.0204	-0.0598
		0	0.0005	-0.0997
		0	0.0164	-0.0598
		0	0.0166	-0.0678
		0	0.0207	-0.1235
		0	-0.011	-0.1235
		0	0.0086	-0.0997
		0	0.0206	-0.0279
		0	-0.0108	-0.1156
		0	0.0084	-0.0837
		0	0.0327	-0.0438
		0	0.0003	-0.0997
		0	-0.0077	-0.0837
		0	0.0125	-0.1076
		0	-0.0031	-0.1156
		0	0.0289	-0.0358
		0	0.0086	-0.1076
		0	-0.0031	-0.0757
		0	0.0084	-0.0358
		0	0.0206	-0.0438
		0	0.0204	-0.0598
		0	0.0003	-0.1076
		0	0.0009	-0.0678
		0	0.0207	-0.0598
		0	0.0084	-0.1076
		0	-0.0035	-0.1394
		0	-0.0075	-0.0678
		0	0.0005	-0.0358
		0	0.0165	-0.0678
		0	0.0207	-0.0678
		0	0.0125	-0.0837
		0	0.0125	-0.1076
		0	0.0166	-0.0997
		0	0.0091	-0.1076
		0	0.0078	-0.1156
		0	0.0084	-0.0997
		0	0.0084	-0.0997
		0	-0.0039	-0.0997
		0	-0.0035	-0.1474
		0	-0.0035	-0.0757
		0	0.0286	-0.0438
		0	0.013	-0.0757
		0	-0.0075	-0.0997
		0	0.0084	-0.0678
		0	0.0125	-0.0358
		0	0.0204	-0.0279
		0	-0.0227	-0.1235
		0	-0.0031	-0.1076
		0	0.0206	-0.0678
		0	0.0126	-0.1235
		0	0.0003	-0.1235
		0	0.0207	-0.0678
		0	0.0125	-0.0598
		0	0.0164	-0.0678
		0	0.0326	-0.0358
		0	0.0164	-0.0997
		0	0.0165	-0.0757
		0	0.0129	-0.0997
		0	0.0086	-0.1076
		0	-0.0031	-0.0837
		0	0.0005	-0.0358
		0	0.0084	-0.0438
		0	0.0286	-0.0279
		0	-0.0075	-0.1394
		0	0.0123	-0.0678
		0	0.0286	0.0041
		0	-0.0035	-0.0438
		0	0.0368	-0.0997


 element
wave