Mozilla/5.0 (Macintosh; Intel Mac OS X 10_9_5) AppleWebKit/537.36 (KHTML, like Gecko) Chrome/45.0.2454.93 Safari/537.36

 standard_deviation

 standard_deviation_mean
	0	-0.0098	-0.0692

 standard_deviation
	0	0.0001	0.0012

 slope_aggression
	0	0.0139	0.0391

 sum
	0	1.047	5.5654

 raw
		0	-0.0203	-0.0478
		0	0.0118	-0.0478
		0	-0.004	-0.0637
		0	0.0079	-0.0238
		0	-0.008	-0.0637
		0	-0.0117	0.0241
		0	-0.004	-0.0558
		0	-0.012	-0.0717
		0	-0.012	-0.0717
		0	-0.0122	-0.0717
		0	-0.0041	-0.0478
		0	-0.0286	-0.0877
		0	-0.0237	-0.0478
		0	-0.0041	-0.0238
		0	-0.0436	-0.0957
		0	-0.0197	-0.1434
		0	-0.0041	-0.0877
		0	-0.0115	-0.1275
		0	-0.008	-0.0478
		0	-0.0243	-0.0558
		0	-0.0042	-0.0238
		0	-0.004	-0.0238
		0	-0.008	-0.0637
		0	-0.0316	-0.0637
		0	-0.004	-0.0637
		0	-0.0203	-0.1434
		0	-0.012	-0.0558
		0	-0.004	-0.0717
		0	0.012	-0.0637
		0	-0.0122	-0.0637
		0	-0.0201	-0.0318
		0	-0.0042	-0.0478
		0	-0.0237	-0.0957
		0	-0.004	-0.0318
		0	-0.0316	-0.0637
		0	-0.0077	-0.0637
		0	-0.0041	-0.0238
		0	-0.0041	-0.0558
		0	-0.0201	-0.0957
		0	0.016	-0.0717
		0	-0.0077	-0.1036
		0	0.012	-0.0558
		0	0.012	-0.0877
		0	-0.0324	-0.1275
		0	-0.0283	-0.0877
		0	-0.0041	-0.1434
		0	-0.0122	-0.1036
		0	-0.0243	-0.0957
		0	-0.0243	-0.0558
		0	-0.0316	-0.0478
		0	-0.0037	-0.0957
		0	-0.0041	-0.0478
		0	-0.008	-0.0238
		0	-0.0123	-0.1036
		0	-0.0122	-0.0717
		0	-0.0444	-0.1355
		0	-0.012	-0.0637
		0	-0.0201	-0.1036
		0	-0.0001	-0.0318
		0	-0.0122	-0.0079
		0	-0.0123	-0.0877
		0	-0.0277	-0.1434
		0	0.0201	-0.0558
		0	0.0122	-0.0558
		0	-0.0076	-0.0637
		0	-0.008	-0.0957
		0	-0.004	-0.0637
		0	-0.0237	-0.0558
		0	0.012	-0.0957
		0	0.0081	-0.0079
		0	0.0081	-0.0558
		0	-0.0041	-0.1673
		0	-0.0081	-0.0478
		0	-0.0002	-0.0957
		0	-0.0002	-0.0318
		0	-0.0203	-0.0478
		0	-0.0241	-0.0877
		0	-0.0001	-0.0877
		0	-0.0081	-0.0717
		0	-0.0001	-0.0318
		0	-0.0122	-0.0877


 element
wave