Mozilla/5.0 (Macintosh; Intel Mac OS X 10_9_5) AppleWebKit/537.36 (KHTML, like Gecko) Chrome/45.0.2454.93 Safari/537.36

 standard_deviation

 standard_deviation_mean
	0	-0.0022	-0.1009

 standard_deviation
	0	0.0001	0.001

 slope_aggression
	0	0.0137	0.0338

 sum
	0	0.805	8.1083

 raw
		0	0.0041	-0.0797
		0	0.0163	-0.0957
		0	-0.0201	-0.1195
		0	-0.0161	-0.1195
		0	0.0041	-0.0957
		0	-0.0194	-0.1354
		0	-0.0152	-0.1275
		0	-0.0038	-0.0877
		0	-0.012	-0.1354
		0	0.008	-0.0957
		0	0.0081	-0.0797
		0	0.0083	-0.1195
		0	-0.0163	-0.1275
		0	-0.012	-0.0877
		0	-0.012	-0.0797
		0	0.0201	-0.0797
		0	0.0043	-0.0957
		0	0.0161	-0.0558
		0	0.0002	-0.0957
		0	-0.0035	-0.008
		0	0.0043	-0.0877
		0	-0.0038	-0.1036
		0	-0.0038	-0.1036
		0	-0.0039	-0.1036
		0	0.004	-0.0877
		0	-0.0203	-0.1195
		0	-0.0154	-0.0797
		0	0.0041	-0.0558
		0	-0.0353	-0.1275
		0	-0.0114	-0.1751
		0	0.0041	-0.1195
		0	-0.0033	-0.1592
		0	0.0002	-0.0797
		0	0.004	-0.1434
		0	0.004	-0.0558
		0	0.0043	-0.0558
		0	0.0002	-0.0957
		0	-0.0234	-0.0957
		0	-0.0035	-0.1195
		0	-0.012	-0.1751
		0	-0.0038	-0.0877
		0	0.0043	-0.1036
		0	0.0202	-0.0957
		0	-0.0039	-0.0957
		0	-0.0118	-0.0638
		0	0.004	-0.0797
		0	-0.0154	-0.1275
		0	0.0043	-0.0638
		0	-0.0234	-0.0957
		0	0.0005	-0.0957
		0	-0.0154	-0.0797
		0	0.0163	-0.0399
		0	0.004	-0.1036
		0	0.0243	-0.1036
		0	0.0005	-0.1354
		0	0.0043	-0.0877
		0	0.0202	-0.1195
		0	-0.0241	-0.1592
		0	-0.0201	-0.1195
		0	0.0041	-0.1751
		0	-0.0039	-0.1354
		0	-0.0161	-0.1275
		0	-0.0161	-0.0877
		0	-0.0234	-0.0797
		0	0.0045	-0.1275
		0	0.0041	-0.0797
		0	0.0002	-0.0558
		0	0.0082	-0.1036
		0	-0.0163	-0.0957
		0	0.0005	-0.0957
		0	-0.0038	-0.0957
		0	-0.0118	-0.1354
		0	0.0082	-0.0638
		0	-0.0039	-0.0399
		0	-0.0041	-0.1195
		0	-0.0194	-0.1751
		0	0.0284	-0.0877
		0	0.0204	-0.0877
		0	0.0007	-0.0957
		0	0.0002	-0.1275
		0	0.0203	-0.0638


 element
wave