Mozilla/5.0 (Macintosh; Intel Mac OS X 10_9_5) AppleWebKit/537.36 (KHTML, like Gecko) Chrome/45.0.2454.93 Safari/537.36

 standard_deviation

 standard_deviation_mean
	0	-3.583	-4.9937

 standard_deviation
	0	0.9232	1.0665

 slope_aggresion
	0	1.0595	1.1633

 sum
	0	573.6255	800.5508

 raw
			-4.3811	-5.2576
			-4.3462	-4.7993
			-0.9316	-3.4261
			-4.4345	-4.5703
			-3.9693	-5.9457
			-2.7703	-5.7163
			-3.0128	-4.5703
			-2.8388	-4.5703
			-2.7815	-3.6548
			-3.8747	-5.7163
			-0.6959	-1.8265
			-5.7564	-5.7163
			-3.9532	-5.2576
			-3.2311	-3.8836
			-3.9532	-6.8646
			-1.8551	-2.9689
			-3.0128	-4.7993
			-2.7815	-3.6548
			-3.9373	-3.8836
			-3.2974	-3.8836
			-2.7815	-5.2576
			-3.9373	-4.5703
			-2.7928	-4.5703
			-3.4613	-5.2576
			-4.4345	-8.2462
			-3.2441	-3.8836
			-4.3462	-5.7163
			-4.4345	-5.0284
			-4.3811	-5.2576
			-3.9532	-5.0284
			-2.7481	-4.5703
			-3.4337	-4.7993
			-4.6293	-5.0284
			-4.1182	-4.1124
			-3.2053	-6.4049
			-2.7815	-4.7993
			-4.1513	-5.9457
			-6.1641	-7.5548
			-2.3279	-3.6548
			-5.0695	-8.0156
			-3.0007	-4.1124
			-5.0291	-6.1753
			-6.1397	-5.2576
			-4.6107	-5.7163
			-3.4894	-4.5703
			-4.3462	-4.7993
			-4.1513	-4.5703
			-1.63	-5.7163
			-6.1397	-7.5548
			-5.0695	-5.2576
			-5.0092	-5.0284
			-2.1038	-3.6548
			-3.5036	-4.5703
			-3.2573	-4.7993
			-5.5276	-7.0945
			-3.2311	-4.1124
			-4.1681	-5.0284
			-3.9214	-4.5703
			-3.4337	-4.5703
			-4.1182	-6.1753
			-2.3185	-3.8836
			-2.0784	-3.8836
			-3.4753	-5.7163
			-4.1513	-5.0284
			-2.3279	-3.8836
			-4.202	-5.2576
			-5.2356	-6.1753
			-3.8747	-4.7993
			-4.185	-4.1124
			-3.4613	-5.9457
			-3.9214	-4.5703
			-1.8627	-5.2576
			-3.4753	-5.7163
			-4.6293	-5.9457
			-5.0092	-7.0945
			-3.2311	-4.7993
			-3.8902	-4.7993
			-3.9532	-5.0284
			-4.3988	-6.4049
			-3.9373	-5.2576
			-4.5558	-6.1753
			-3.2053	-5.9457
			-3.2311	-4.1124
			-3.9214	-6.4049
			-3.4613	-4.1124
			-3.9214	-5.9457
			-3.2441	-5.7163
			-5.0899	-6.4049
			-1.8551	-5.7163
			-3.9373	-6.1753
			-3.0128	-5.7163
			-3.9532	-4.5703
			-3.42	-5.0284
			-2.0784	-3.4261
			-3.2573	-4.1124
			-2.0953	-3.4261
			-3.2573	-4.5703
			-3.4894	-5.7163
			-3.4613	-5.7163
			-2.7815	-5.7163
			-3.0007	-4.5703
			-4.3811	-6.4049
			-3.9214	-5.2576
			-2.9767	-4.7993
			-3.8902	-5.2576
			-2.3279	-5.2576
			-2.0784	-4.7993
			-1.8856	-5.2576
			-2.3279	-4.1124
			-3.2441	-4.1124
			-3.2053	-4.1124
			-2.1211	-3.4261
			-3.4613	-4.5703
			-4.1681	-5.9457
			-3.2573	-4.5703
			-2.8041	-3.6548
			-3.0007	-4.7993
			-3.2705	-5.0284
			-4.3289	-4.7993
			-3.2311	-4.5703
			-2.3374	-3.8836
			-3.2441	-4.7993
			-3.8902	-5.7163
			-3.4613	-4.5703
			-4.3289	-4.7993
			-3.2573	-5.0284
			-3.4613	-7.3246
			-2.9767	-4.7993
			-3.9214	-3.8836
			-3.9214	-4.1124
			-4.185	-5.7163
			-2.7928	-4.1124
			-4.1019	-2.9689
			-2.7928	-3.6548
			-4.3988	-4.1124
			-2.9649	-3.6548
			-3.0007	-5.0284
			-2.7928	-3.8836
			-3.4337	-5.0284
			-3.2441	-4.5703
			-3.4613	-5.9457
			-3.2311	-4.1124
			-3.9373	-5.0284
			-4.1182	-5.0284
			-4.3462	-5.2576
			-3.2311	-4.7993
			-3.0251	-2.9689
			-5.688	-7.0945
			-3.4894	-4.5703
			-5.1105	-5.9457
			-5.7795	-5.2576
			-3.2573	-5.0284
			-4.6107	-6.1753
			-3.0007	-5.0284
			-4.1681	-6.1753
			-2.7815	-3.8836
			-4.3462	-5.7163
			-3.9532	-6.4049
			-3.4613	-4.1124
			-2.3091	-4.7993
			-3.2311	-3.4261


 element
wave