Mozilla/5.0 (Linux; Android 5.0.2; XT1034 Build/LXB22.46-32) AppleWebKit/537.36 (KHTML, like Gecko) Chrome/45.0.2454.94 Mobile Safari/537.36

 standard_deviation

 standard_deviation_mean
	122.2448	0.5722	-0.5766

 standard_deviation
	20190.6516	0.5907	0.7167

 slope_aggresion
	10.7852	0.5325	0.5436

 sum
	19663.9929	128.4849	133.3045

 raw
		17.0453	1.1276	-0.6767
		16.7242	0.6661	-0.2221
		17.0874	0.8951	-0.4477
		16.1866	0.4475	0.6714
		17.68	0.4458	-0.4459
		15.883	0.6713	0.4476
		16.1527	1.5662	0.4476
		15.6166	1.1231	0.8986
		16.0645	1.1232	0.2246
		15.5006	1.1189	0.2238
		15.1858	1.1321	0
		16.4193	0.2203	-0.4408
		15.9961	0.8951	-0.2239
		15.7155	0.8951	-0.4477
		13.2447	1.132	0.9057
		12.6147	1.1456	0.9166
		11.3774	1.9748	0.6585
		10.7265	0.8916	0.2229
		9.6899	0.4458	0.4458
		9.6952	0.6365	-0.2123
		8.8708	0.4493	-0.2247
		7.3531	1.3322	0.222
		6.4061	0.4458	0.4458
		5.419	1.1232	0.674
		5.4088	-0.2204	0.2203
		3.4171	0.9021	0.4511
		1.6797	0.8846	1.1059
		1.8495	0.2229	0.4458
		0.7542	0.8916	0.6687
		0.0208	0	0.4493
		0.2014	0.6687	0.2229
		358.9581	0	0.2229
		0.1612	-0.4459	-0.6688
		357.4345	0.4441	0.4441
		356.8216	0.2246	0.4493
		355.3924	0.2246	0.8986
		354.3819	0.2229	0.8916
		354.5209	-0.4425	0.4424
		352.743	0.6686	1.1145
		353.8076	0	0
		352.3132	0.4424	0
		351.3792	0	-0.2179
		350.1273	0.4441	0.222
		349.6184	-0.6767	-0.4512
		347.0752	-0.4512	-0.2256
		344.8654	0.8915	0.8916
		345.7072	0.2255	-0.2256
		342.0511	0	0.222
		341.4055	-0.223	-0.223
		338.5529	-0.2256	0.4511
		338.8901	0.2255	0
		336.2572	-0.9058	0.4529
		335.5916	-0.6714	-0.2239
		334.684	0	-0.2265
		333.627	-0.6741	-0.2247
		333.5474	0.222	-0.6662
		330.551	-0.2256	-0.2256
		327.9645	-1.3427	-0.2239
		330.2872	0.674	-0.2247
		329.2037	0	-0.2213
		328.7211	-0.4459	-0.4459
		326.5413	-0.6688	-0.4459
		328.1478	0	-1.119
		323.4026	-0.6662	0.222
		323.695	0	-0.2239
		323.5628	0.6687	-0.4459
		318.9756	-0.9022	-0.4512
		320.9099	-0.4528	-1.5849
		315.2184	-0.6715	0
		320.0941	0	-0.6767
		319.5863	-0.8915	-1.3375
		316.9877	-0.2247	-0.8987
		314.9721	-0.6793	-0.9058
		315.968	-1.1275	-1.3532
		320.5287	-0.4458	-1.1146
		318.429	-0.4512	-0.6767
		327.9914	-0.222	-1.9979
		327.4317	0	-1.1146
		330.6361	0.444	-0.8883
		333.0794	-1.1099	-1.5542
		342.9377	0.2228	-1.3375
		1.1328	-0.4527	-1.8112
		15.4343	-0.6791	-1.8112
		12.6974	-0.682	-1.1367
		19.0499	0	-1.5663
		24.2258	0	-1.3375
		31.0073	-0.4458	-1.1146
		41.0087	0.4455	-2.0057
		48.2029	0.6763	-1.804
		63.3513	-0.8983	-1.797
		58.4605	0.2246	-1.3479
		58.9408	0.666	-1.1103
		62.0815	0.6737	-1.5725
		66.6622	0.2245	-2.2458
		64.0705	0.2255	-1.1278
		62.678	0.2246	-1.1234
		62.2921	0.6763	-1.804
		63.2379	0.4545	-1.5912
		55.8864	1.7968	0.674
		61.7547	0.8948	-1.5663
		61.6984	0.6791	-1.5849
		62.4025	0	-1.119
		62.7003	0.2237	-1.79
		58.0563	0.6793	-0.453
		61.2969	0.4471	-2.6838
		59.1753	0.671	-1.79
		56.4529	1.1098	-1.5542
		57.3045	0.6764	-1.5787
		56.9946	0.8804	-2.6426
		53.6344	1.1057	-1.106
		53.1624	1.782	-1.783
		52.6508	1.1141	-1.5602
		51.4572	0.9015	-2.2546
		48.4554	1.136	-1.8184
		45.7029	1.3422	-1.3427
		44.129	1.5722	-0.8987
		45.281	0.6711	-1.5663
		42.0492	1.3319	-1.1103
		40.1001	1.3472	-1.797
		38.5308	1.5844	-1.3586
		38.8265	0.6739	-1.1234
		38.0939	1.5842	-1.5849
		35.7438	1.5662	-0.4477
		34.9211	1.1144	-0.6688
		34.2813	1.3422	-1.3427
		34.0389	1.3317	-1.5542
		33.3074	1.5719	-1.3479
		31.6799	1.3425	-0.6715
		30.8523	1.5721	-1.1234
		30.9471	0.9021	-0.9023
		29.2813	1.5661	-0.6715
		28.0343	1.5541	-0.2221
		28.6401	1.7895	-1.119
		28.218	1.3636	-1.1367
		26.2669	1.776	0
		28.1974	0.449	-2.0214
		22.3094	1.1144	0.6687
		24.3994	1.5721	-1.1234
		24.4219	0.8914	-1.3375
		21.1034	1.1188	0.4476
		21.6815	2.0055	-0.6688
		21.4182	0.4424	0
		20.6069	1.5723	-0.4494
		19.4233	1.7968	-0.4494
		19.7547	1.1187	-0.8952
		18.9411	1.3373	-0.6688
		19.5961	0	-1.1103
		17.557	1.3426	-0.2239
		18.4351	1.1145	-0.4459
		17.0581	1.3374	0
		17.6415	0.4511	-0.2256
		16.2335	1.3374	0
		17.0751	1.3478	-0.4494
		18.0049	1.3477	-0.6741
		17.4544	0.9057	-0.453
		16.9738	1.5723	-0.4494
		17.6331	1.3425	-0.6715
		15.8808	1.7828	0.6687
		17.2162	1.5601	-0.4459
		16.7027	1.7898	-0.4477
		17.4357	0.8916	-0.223


 element
wave