Mozilla/5.0 (Macintosh; Intel Mac OS X 10_9_5) AppleWebKit/537.36 (KHTML, like Gecko) Chrome/45.0.2454.93 Safari/537.36

 standard_deviation

 standard_deviation_mean
	0	-0.0234	-0.0816

 standard_deviation
	0	0.0001	0.0011

 slope_aggression
	0	0.0167	0.0392

 sum
	0	1.8872	6.6198

 raw
		0	-0.0317	-0.1076
		0	-0.0121	-0.0757
		0	-0.0041	-0.0837
		0	0.004	0.028
		0	-0.016	-0.1076
		0	-0.0317	-0.0757
		0	0.0041	-0.0678
		0	-0.0238	-0.1156
		0	-0.0204	-0.0837
		0	-0.0316	-0.0837
		0	-0.016	-0.0518
		0	-0.0238	-0.0518
		0	-0.0397	-0.1553
		0	-0.0241	-0.0917
		0	-0.0121	-0.1076
		0	-0.0357	-0.1076
		0	-0.012	-0.0518
		0	-0.0041	-0.0917
		0	-0.0442	-0.1156
		0	-0.0202	-0.0757
		0	-0.0409	-0.1156
		0	-0.0163	-0.0279
		0	-0.0321	-0.0917
		0	-0.0001	-0.0757
		0	-0.0323	-0.1235
		0	-0.0204	-0.0678
		0	-0.0316	-0.1156
		0	-0.0404	-0.0837
		0	-0.0163	-0.0678
		0	-0.0204	-0.1315
		0	-0.0162	-0.1076
		0	-0.0122	-0.0678
		0	-0.0362	-0.0359
		0	-0.0238	-0.0917
		0	-0.012	-0.0518
		0	-0.0038	-0.0757
		0	-0.0357	-0.0917
		0	-0.0198	-0.0518
		0	-0.0357	-0.0757
		0	-0.0321	-0.0837
		0	-0.012	-0.1076
		0	-0.0121	-0.1156
		0	-0.0163	-0.0438
		0	-0.0202	-0.0678
		0	-0.0402	-0.187
		0	-0.0001	-0.0119
		0	-0.0243	-0.0837
		0	-0.0556	-0.1076
		0	-0.0204	-0.0757
		0	-0.0325	-0.1156
		0	-0.0039	-0.0359
		0	-0.0317	-0.0039
		0	-0.0157	-0.0678
		0	-0.016	-0.1076
		0	0	-0.0039
		0	-0.0243	-0.0359
		0	-0.016	-0.0518
		0	-0.012	-0.0757
		0	-0.0357	-0.1076
		0	-0.0202	-0.0518
		0	-0.0554	-0.0837
		0	-0.0362	-0.1235
		0	-0.0525	-0.1315
		0	-0.016	-0.0518
		0	-0.0325	-0.0518
		0	-0.0447	-0.1076
		0	-0.0364	-0.0917
		0	-0.0041	-0.1156
		0	-0.0121	-0.0678
		0	-0.0364	-0.0438
		0	-0.0241	-0.0837
		0	-0.004	-0.0678
		0	-0.0323	-0.0837
		0	-0.0317	-0.1076
		0	-0.0238	-0.1076
		0	-0.0163	-0.1076
		0	-0.0241	-0.0917
		0	-0.0323	-0.0917
		0	-0.0368	-0.1076
		0	-0.0402	-0.0837
		0	-0.0202	-0.0438


 element
wave