Mozilla/5.0 (Linux; Android 5.0.2; XT1034 Build/LXB22.46-32) AppleWebKit/537.36 (KHTML, like Gecko) Chrome/45.0.2454.94 Mobile Safari/537.36

 standard_deviation

 standard_deviation_mean
	0.1951	0.3646	0.0976

 standard_deviation
	0.3117	0.1868	0.2099

 slope_aggression
	0.4038	0.194	0.3151

 sum
	36.6642	35.0142	26.5635

 raw
		-0.0219	-0.0203	0.0211
		-0.0142	-0.0108	0.0209
		-0.0064	0.003	0.0129
		-0.0093	-0.0086	0.0123
		0.0168	-0.0036	0.0292
		0.0081	0	0.0125
		-0.0114	-0.0094	0.0127
		-0.0076	-0.005	0.0207
		-0.0179	-0.0123	0.0207
		-0.0199	-0.0151	0.0202
		-0.0218	-0.0167	0.0127
		-0.0064	-0.0058	0.0211
		-0.007	-0.0022	0.0211
		-0.056	-0.0152	-0.0125
		-0.0095	-0.0065	0.0205
		0.0071	-0.0181	0.0209
		0.0001	-0.0079	0.0285
		0.0047	0.005	0.0295
		0.0245	-0.0349	0.0807
		-0.0672	-0.055	-0.0045
		-0.2061	-0.2607	0.0968
		-0.0649	-0.1018	-0.0293
		0.0737	0.0055	0.0363
		0.1028	0.1837	0.0493
		0.0481	0.3982	0.0199
		0.5771	0.6882	0.8091
		0.4573	0.8237	0.7502
		0.1652	0.8903	0.0575
		0.9217	0.9649	0.918
		0.9907	0.9958	0.9864
		0.597	0.978	0.2901
		0.686	0.9009	0.4962
		0.9551	0.2356	0.8241
		0.4278	0.0739	0.3721
		0.9578	-0.6501	-0.776
		0.9	-0.6158	-0.9931
		0.8099	0.1498	-0.5689
		0.6571	0.4034	-0.4222
		0.7097	0.634	0.0954
		-0.8349	0.8	-0.9869
		0.5473	0.9976	0.7196
		0.5557	0.7928	0.7753
		0.6552	0.9996	-0.2936
		-0.466	0.6299	0.1993
		-0.7883	0.4864	0.9126
		0.285	0.5806	0.999
		0.2269	0.5228	0.6809
		0.2779	0.3334	-0.0087
		0.1312	0.4715	-0.9573
		0.1084	-0.0192	-0.9999
		-0.9365	-0.1701	-0.0664
		0.9912	0.5213	0.2439
		0.8688	0.6985	0.5637
		0.9537	0.5248	0.4822
		0.9525	0.6999	0.6258
		0.7038	0.9943	0.9178
		0.2464	0.9996	-0.5258
		-0.0505	0.996	-0.1143
		-0.9911	0.9996	-0.2009
		-0.8091	0.9998	-0.0807
		0.7397	0.683	0.259
		0.7973	0.7874	0.6125
		0.946	0.8317	0.3677
		0.7723	0.8562	0.8037
		-0.2446	0.7483	-0.4394
		0.2826	0.5838	-0.5764
		-0.9625	0.2239	-0.2269
		0.9951	0.7562	0.2754
		-0.9181	0.1127	-0.2337
		-0.7772	-0.1351	-0.1835
		-0.4826	-0.5497	-0.567
		0.8035	0.1269	0.092
		0.9927	0.6778	0.197
		-0.7152	-0.1749	0.0207
		0.1985	0.7151	-0.2081
		0.4976	0.9981	-0.0518
		-0.6004	0.4576	0.3107
		-0.7371	0.341	0.2165
		0.6225	0.4217	0.1504
		0.5515	0.3845	0.389
		0.8607	0.3722	0.3953


 element
wave