Mozilla/5.0 (Linux; Android 5.1; XT1034 Build/LPB23.13-57) AppleWebKit/537.36 (KHTML, like Gecko) Chrome/45.0.2454.94 Mobile Safari/537.36

 standard_deviation

 standard_deviation_mean
	0.0412	0.0244	0.2031

 standard_deviation
	0.4269	0.3455	0.4555

 slope_aggression
	0.3703	0.1743	0.3694

 sum
	91.7377	82.6	100.3141

 raw
		-0.0378	0.0048	0.0274
		0.0528	-0.0186	0.0662
		0.1098	-0.0225	0.0952
		0.2139	-0.0378	0.0648
		0.3344	-0.1001	0.1023
		-0.2519	0.0651	0.4737
		0.0051	0.0759	0.4422
		0.1799	0.0703	0.3676
		0.3376	-0.088	0.075
		0.7613	-0.1627	-0.9769
		0.922	0.0366	-0.1996
		-0.8746	0.205	0.3969
		-0.8442	0.3791	0.9152
		-0.9444	0.2423	0.9083
		-0.5206	0.3093	0.8953
		-0.9775	0.2412	0.5216
		-0.9945	0.0288	0.2324
		-0.8857	0.0687	-0.3387
		-0.8808	-0.0132	-0.9319
		-0.9267	-0.2332	-0.6555
		-0.9828	-0.1981	-0.0929
		-0.9993	-0.1391	-0.2099
		0.9946	0.0233	0.1698
		0.9967	-0.2483	0.926
		0.9581	-0.4338	0.9616
		0.9452	-0.9535	0.8047
		0.6758	-0.9269	0.6435
		0.7049	-0.7704	0.733
		0.4907	-0.6146	0.9449
		0.4763	-0.4778	0.4769
		-0.8358	-0.2309	0.9846
		-0.7253	0.1154	0.996
		-0.976	0.0519	0.9977
		-0.2728	-0.3213	-0.624
		-0.1003	0.8335	0.291
		0.2388	0.7923	0.9576
		-0.7926	0.881	-0.0249
		0.8876	0.866	0.4181
		0.9643	0.8294	0.0882
		0.9399	0.8723	0.6575
		0.803	0.9196	0.9888
		0.3286	0.9318	0.6869
		-0.0942	0.1546	-0.9448
		-0.8408	-0.4875	0.5967
		-0.3744	-0.6738	0.1736
		-0.3372	-0.7362	0.588
		0.2402	-0.7454	0.6999
		0.6852	-0.7188	0.6205
		0.526	-0.7044	0.2363
		-0.5584	-0.6621	-0.4883
		-0.7658	-0.1963	0.3864
		0.514	0.4327	0.7219
		0.6276	0.4526	0.804
		0.8555	0.4521	0.5162
		0.9633	0.3812	0.4604
		0.9707	0.3559	0.187
		-0.9712	0.3262	-0.0432
		0.9344	0.3965	0.1306
		0.9914	0.3639	0.7392
		0.9836	0.3317	0.8862
		0.8716	0.5424	0.9515
		0.6786	0.6146	0.9995
		0.1704	0.0409	0.4367
		0.1285	-0.7247	-0.9946
		-0.8222	-0.8269	0.1854
		-0.8086	-0.9779	0.4684
		-0.0029	-0.9345	0.3931
		0.9777	-0.905	0.6845
		0.9663	-0.9033	0.8913
		0.9761	-0.8923	0.7858
		0.9988	-0.903	0.4586
		-0.9876	-0.9061	-0.8373
		-0.9995	-0.5716	-0.8435
		-0.9669	0.0807	-0.0282
		-0.8397	0.4655	0.2075
		-0.4391	0.554	0.8825
		-0.0534	0.2126	0.9998
		0.1781	-0.365	0.9836
		0.2763	-0.4342	0.8387
		0.9206	-0.916	-0.2373
		0.7306	-0.6945	-0.4456
		0.217	-0.6967	-0.5225
		0.867	-0.6179	-0.7837
		-0.6552	-0.1378	-0.7459
		-0.9337	0.4618	-0.0457
		-0.7093	0.6804	0.6628
		-0.3697	0.9027	0.9643
		-0.0822	0.8595	-0.0389
		0.054	0.7653	-0.7325
		-0.0726	0.6001	-0.9677
		-0.3171	0.4791	-0.9734
		-0.1476	-0.0735	-0.9708
		-0.3045	-0.103	-0.8613
		-0.2201	-0.4649	-0.9429
		0.439	-0.7508	-0.7305
		0.8326	-0.841	-0.4296
		-0.3208	-0.8184	-0.7371
		-0.9073	-0.7294	-0.9189
		-0.9878	-0.2975	-0.9295
		-0.9546	-0.0083	-0.9038
		-0.7543	0.6197	0.012
		-0.3124	0.6529	0.7371
		0.2733	0.7668	0.9019
		0.4552	0.7365	0.8713
		0.4896	0.6645	0.9554
		0.5552	0.6266	0.9784
		0.5013	0.7129	0.9692
		0.4657	0.7587	0.9418
		0.464	0.7811	0.715
		0.306	0.8108	0.5382
		0.2033	0.8006	0.1374
		-0.1551	0.8462	-0.3628
		-0.3454	0.8197	-0.8566
		-0.6348	0.8555	-0.8404
		-0.5775	0.7657	-0.8023
		-0.5976	0.5932	-0.9774
		0.171	-0.3595	-0.9529
		0.8071	-0.7823	-0.0608
		-0.9577	-0.8599	0.9878
		-0.7017	-0.7427	0.9307
		0.2579	-0.7396	0.8076
		0.5904	-0.7866	0.9734
		0.5611	-0.8059	0.4654
		-0.8578	-0.445	-1
		-0.7498	0.1744	-0.6651
		-0.3873	0.618	0.201
		-0.0587	0.5888	0.5607
		0.337	0.5116	0.9999
		0.5472	0.4124	0.9097
		0.698	0.5604	0.6467
		0.7901	0.6104	0.6131
		0.8948	0.5982	0.7377
		0.9111	0.576	0.987
		0.8362	0.5949	0.9783
		0.6778	0.6085	0.9046
		0.3634	0.6928	0.6348
		0.0524	0.6771	0.1234
		0.128	-0.0804	-0.9672
		0.2671	-0.4843	-0.9624
		-0.8846	-0.7393	0.0358
		0.8119	-0.6658	-0.0999
		-0.7934	-0.5919	0.4114
		-0.9133	-0.6141	0.2595
		-0.2084	-0.6304	-0.0419
		-0.3485	-0.6579	-0.8296
		-0.6767	-0.4835	-0.8023
		-0.6725	-0.0909	-0.043
		-0.4794	0.3587	0.5881
		-0.1389	0.4954	0.9702
		0.0913	0.4798	0.9884
		0.162	0.5884	0.9245
		0.3509	0.5873	0.9213
		0.5037	0.5971	0.9337
		0.6045	0.5222	0.995
		0.5599	0.4706	0.8727
		0.3305	0.4397	0.4969
		0.1111	0.3231	0.0706
		0.0359	-0.0037	-0.8407
		0.3131	-0.3569	-0.9596
		0.4873	-0.6211	-0.5552
		0.6469	-0.761	-0.0642


 element
water