Mozilla/5.0 (iPhone; CPU iPhone OS 8_4_1 like Mac OS X) AppleWebKit/600.1.4 (KHTML, like Gecko) Version/8.0 Mobile/12H321 Safari/600.1.4 Ali

 standard_deviation

 standard_deviation_mean
	-0.013	0.0025	0.0177

 standard_deviation
	0.0001	0	0

 slope_aggression
	0.0004	0	0.0001

 sum
	2.318	0.4096	2.8356

 raw
		0	-0.0001	0.0186
		0	-0.0001	0.0186
		0	-0.0001	0.0186
		0	-0.0001	0.0186
		-0.0301	0.0013	0.0102
		-0.0302	0.0013	0.0138
		-0.0302	0.0013	0.0152
		-0.0303	0.0015	0.0155
		-0.0304	0.0015	0.0161
		-0.0305	0.0014	0.0163
		-0.0306	0.0014	0.0165
		-0.0306	0.0014	0.0169
		-0.0307	0.0016	0.017
		-0.0308	0.0018	0.0175
		-0.0308	0.0017	0.0175
		-0.031	0.0016	0.0176
		-0.0309	0.0016	0.0179
		-0.0309	0.0018	0.0179
		-0.0309	0.0019	0.0178
		-0.0309	0.0019	0.0177
		-0.0308	0.002	0.0177
		-0.0306	0.0019	0.0178
		-0.0305	0.002	0.0178
		-0.0303	0.002	0.0179
		-0.0301	0.002	0.0178
		-0.0299	0.0022	0.018
		-0.0297	0.0023	0.0178
		-0.0295	0.0023	0.0177
		-0.0294	0.0022	0.0177
		-0.0289	0.002	0.0178
		-0.0289	0.002	0.0178
		-0.0286	0.0018	0.018
		-0.0286	0.0018	0.018
		-0.0284	0.0019	0.0179
		-0.0282	0.0019	0.018
		-0.028	0.0019	0.018
		-0.0276	0.0019	0.0181
		-0.0274	0.002	0.0179
		-0.027	0.0018	0.0182
		-0.0268	0.0017	0.0182
		-0.0265	0.0015	0.0181
		-0.0263	0.0014	0.0181
		-0.0259	0.0016	0.0181
		-0.0257	0.0016	0.0179
		-0.025	0.0018	0.0177
		-0.025	0.0018	0.0177
		-0.0244	0.0018	0.0181
		-0.0242	0.0018	0.0182
		-0.0238	0.0017	0.0184
		-0.0236	0.0018	0.0185
		-0.0232	0.0017	0.0185
		-0.0231	0.0016	0.0186
		-0.0228	0.0017	0.0185
		-0.0226	0.0016	0.0185
		-0.0222	0.0016	0.0184
		-0.022	0.0017	0.0184
		-0.0217	0.0017	0.0184
		-0.0211	0.0019	0.0184
		-0.0209	0.002	0.0183
		-0.0204	0.0021	0.0182
		-0.0202	0.0022	0.0181
		-0.0199	0.002	0.0184
		-0.0197	0.002	0.0184
		-0.0193	0.0017	0.0186
		-0.0192	0.0016	0.0186
		-0.0188	0.0016	0.0187
		-0.0187	0.0015	0.0188
		-0.0182	0.0016	0.0185
		-0.018	0.0017	0.0184
		-0.0174	0.0019	0.0184
		-0.0174	0.0019	0.0184
		-0.0169	0.0019	0.0182
		-0.0167	0.002	0.0184
		-0.0164	0.002	0.0184
		-0.0161	0.0022	0.0182
		-0.0156	0.0024	0.0182
		-0.0154	0.0024	0.0182
		-0.015	0.0026	0.0182
		-0.0148	0.0028	0.0182
		-0.0143	0.0029	0.018
		-0.0142	0.0029	0.018
		-0.0137	0.003	0.018
		-0.0133	0.0029	0.0179
		-0.0133	0.0029	0.0179
		-0.0126	0.0031	0.0179
		-0.0124	0.0032	0.0178
		-0.012	0.003	0.0179
		-0.0118	0.0031	0.0177
		-0.0114	0.0031	0.0176
		-0.0112	0.0032	0.0174
		-0.0108	0.0033	0.0173
		-0.0106	0.0033	0.0172
		-0.0103	0.0034	0.0174
		-0.0101	0.0034	0.0175
		-0.0097	0.0033	0.0174
		-0.0092	0.0033	0.0173
		-0.0088	0.0033	0.0172
		-0.0086	0.0033	0.0172
		-0.0082	0.0033	0.0171
		-0.008	0.0034	0.0171
		-0.0076	0.0034	0.0171
		-0.0074	0.0035	0.0171
		-0.0072	0.0035	0.0171
		-0.0068	0.0034	0.0173
		-0.0067	0.0033	0.0173
		-0.0063	0.0033	0.0175
		-0.0061	0.0034	0.0176
		-0.0057	0.0035	0.0178
		-0.0055	0.0035	0.0177
		-0.0051	0.0035	0.0176
		-0.0047	0.0035	0.0175
		-0.0043	0.0035	0.0174
		-0.0041	0.0035	0.0175
		-0.0038	0.0035	0.0176
		-0.0036	0.0034	0.0176
		-0.0032	0.0031	0.0177
		-0.003	0.0031	0.0176
		-0.0027	0.0031	0.0176
		-0.0025	0.003	0.0177
		-0.0022	0.0032	0.0179
		-0.0021	0.0032	0.018
		-0.0018	0.0034	0.0179
		-0.0016	0.0034	0.0179
		-0.001	0.0034	0.0178
		-0.0008	0.0033	0.0177
		-0.0007	0.0031	0.0178
		-0.0005	0.0031	0.0177
		-0.0003	0.0032	0.0175
		-0.0001	0.0031	0.0177
		0.0002	0.0032	0.0175
		0.0004	0.0032	0.0175
		0.0008	0.0031	0.0174
		0.0009	0.0031	0.0177
		0.0013	0.003	0.0175
		0.0015	0.0031	0.0175
		0.0017	0.0031	0.0175
		0.0019	0.0031	0.0175
		0.0021	0.003	0.0177
		0.0023	0.0033	0.0175
		0.0025	0.0032	0.0176
		0.0028	0.0033	0.0175
		0.003	0.0033	0.0174
		0.0033	0.0031	0.0176
		0.0033	0.0031	0.0176
		0.0036	0.0033	0.0176
		0.0037	0.0034	0.0175
		0.0039	0.0035	0.0174
		0.004	0.0034	0.0174
		0.0044	0.0035	0.0172
		0.0046	0.0036	0.0172
		0.0049	0.0036	0.0171
		0.005	0.0036	0.0171
		0.0053	0.0035	0.0172
		0.0054	0.0036	0.0172
		0.0055	0.0036	0.0171
		0.0057	0.0034	0.0174
		0.0058	0.0033	0.0175
		0.006	0.0033	0.0173
		0.0061	0.0032	0.0175
		0.0062	0.0029	0.0177
		0.0063	0.0029	0.0177


 element
human