Mozilla/5.0 (iPhone; CPU iPhone OS 8_3 like Mac OS X) AppleWebKit/600.1.4 (KHTML, like Gecko) Version/8.0 Mobile/12F70 Safari/600.1.4 Darren

 standard_deviation

 standard_deviation_mean
	0.0582	-0.125	-0.3591

 standard_deviation
	0.0001	0.0008	0.0332

 slope_aggression
	0.0005	0.0009	0.0054

 sum
	9.3114	19.9783	64.4237

 raw
		0	-0.0001	0.4388
		0	-0.0001	0.4388
		0	-0.0001	0.4388
		0	-0.0001	0.4388
		0	-0.0001	0.4388
		0	-0.0001	0.4388
		0	-0.0001	0.4388
		0	-0.0001	0.4388
		0.0622	-0.1328	-0.4032
		0.0623	-0.1328	-0.4019
		0.0623	-0.1325	-0.403
		0.0621	-0.1321	-0.4031
		0.0624	-0.1323	-0.4026
		0.0625	-0.1321	-0.4026
		0.0625	-0.1319	-0.4027
		0.0622	-0.1313	-0.4027
		0.0624	-0.1316	-0.4028
		0.0622	-0.1313	-0.4027
		0.0624	-0.1313	-0.4026
		0.0626	-0.1315	-0.4027
		0.0628	-0.1313	-0.4026
		0.0624	-0.131	-0.4024
		0.0624	-0.1309	-0.4023
		0.0624	-0.1307	-0.4024
		0.0623	-0.1309	-0.4023
		0.0623	-0.1308	-0.4024
		0.0621	-0.1304	-0.4023
		0.0619	-0.13	-0.4023
		0.0617	-0.1302	-0.4019
		0.0615	-0.13	-0.4019
		0.0617	-0.1304	-0.4014
		0.0618	-0.1303	-0.4013
		0.0616	-0.1305	-0.4012
		0.0615	-0.1305	-0.4009
		0.0616	-0.1305	-0.4006
		0.0615	-0.1304	-0.4009
		0.0615	-0.1304	-0.4009
		0.0611	-0.1303	-0.4007
		0.0612	-0.1303	-0.4004
		0.0613	-0.1303	-0.4007
		0.0611	-0.1301	-0.4005
		0.0608	-0.13	-0.4004
		0.0609	-0.1299	-0.4005
		0.061	-0.13	-0.4003
		0.0609	-0.13	-0.4003
		0.0607	-0.1299	-0.4
		0.0605	-0.13	-0.3999
		0.0608	-0.1303	-0.3998
		0.0609	-0.1303	-0.3998
		0.0607	-0.1301	-0.4001
		0.061	-0.1304	-0.4001
		0.0611	-0.1305	-0.4001
		0.0609	-0.1306	-0.4004
		0.0612	-0.1312	-0.4006
		0.0611	-0.131	-0.4006
		0.0613	-0.1311	-0.4004
		0.0614	-0.1314	-0.4005
		0.0615	-0.1314	-0.4004
		0.0613	-0.1313	-0.4002
		0.0614	-0.1314	-0.4003
		0.0617	-0.1311	-0.4005
		0.0618	-0.1312	-0.4003
		0.0614	-0.1311	-0.4004
		0.0615	-0.1312	-0.4005
		0.0616	-0.1312	-0.4004
		0.0618	-0.1313	-0.4005
		0.0617	-0.1315	-0.4004
		0.0618	-0.1315	-0.4005
		0.0618	-0.1314	-0.4003
		0.0614	-0.1312	-0.4004
		0.0615	-0.131	-0.4003
		0.0613	-0.131	-0.4002
		0.0611	-0.1311	-0.4
		0.0612	-0.131	-0.3998
		0.0612	-0.1311	-0.4
		0.0608	-0.1309	-0.4006
		0.0612	-0.131	-0.4007
		0.0612	-0.1312	-0.4007
		0.0612	-0.1312	-0.4011
		0.0612	-0.1311	-0.4008
		0.0611	-0.1311	-0.4007
		0.0611	-0.131	-0.4006
		0.0614	-0.1312	-0.4003
		0.0613	-0.1313	-0.4002
		0.0614	-0.1313	-0.4001
		0.0612	-0.1309	-0.4001
		0.0614	-0.1309	-0.4
		0.0618	-0.1313	-0.4002
		0.0617	-0.1314	-0.4003
		0.0614	-0.1314	-0.4006
		0.0614	-0.1316	-0.4008
		0.0615	-0.1313	-0.4009
		0.0615	-0.1313	-0.4008
		0.0618	-0.1314	-0.4008
		0.0619	-0.1313	-0.4005
		0.062	-0.1315	-0.4004
		0.062	-0.1315	-0.4002
		0.0619	-0.1314	-0.4002
		0.0617	-0.1315	-0.4003
		0.0617	-0.1316	-0.4002
		0.0616	-0.1313	-0.4003
		0.0617	-0.1315	-0.4005
		0.0619	-0.1318	-0.4004
		0.0618	-0.1315	-0.4002
		0.0618	-0.1316	-0.4002
		0.0618	-0.1316	-0.4004
		0.0618	-0.1317	-0.4004
		0.0617	-0.1318	-0.4006
		0.0616	-0.1317	-0.4004
		0.0615	-0.1315	-0.4003
		0.0613	-0.1313	-0.4004
		0.0613	-0.1313	-0.4004
		0.0614	-0.1316	-0.4004
		0.0613	-0.1313	-0.4004
		0.0613	-0.1314	-0.4001
		0.0614	-0.1316	-0.4002
		0.0613	-0.132	-0.4002
		0.061	-0.1322	-0.4002
		0.061	-0.1322	-0.4001
		0.0611	-0.1322	-0.4001
		0.0612	-0.1322	-0.4001
		0.0609	-0.1323	-0.4003
		0.0609	-0.1328	-0.4004
		0.0609	-0.1325	-0.4004
		0.0611	-0.1327	-0.4003
		0.0611	-0.1331	-0.4003
		0.0611	-0.1332	-0.4004
		0.061	-0.1328	-0.4005
		0.061	-0.133	-0.4008
		0.0609	-0.1329	-0.4007
		0.0609	-0.1329	-0.4006
		0.0606	-0.1326	-0.4005
		0.0608	-0.1325	-0.4008
		0.0607	-0.1325	-0.4007
		0.0604	-0.1324	-0.4007
		0.0602	-0.1322	-0.4009
		0.0604	-0.1324	-0.4008
		0.0603	-0.132	-0.4009
		0.0603	-0.132	-0.4006
		0.0601	-0.132	-0.4007
		0.0603	-0.1323	-0.4008
		0.0603	-0.1323	-0.4009
		0.0603	-0.1322	-0.4007
		0.0603	-0.1325	-0.4006
		0.0601	-0.1325	-0.4007
		0.0597	-0.1324	-0.4007
		0.0595	-0.1323	-0.4005
		0.0595	-0.1324	-0.4006
		0.0594	-0.1323	-0.4007
		0.0596	-0.1326	-0.4008
		0.0597	-0.1322	-0.4008
		0.0596	-0.1321	-0.4011
		0.0594	-0.1323	-0.4008
		0.0594	-0.1323	-0.4007
		0.0593	-0.1325	-0.4008
		0.0594	-0.1325	-0.401
		0.0596	-0.1327	-0.4012
		0.0597	-0.1326	-0.4012
		0.0597	-0.1325	-0.4011
		0.0595	-0.1324	-0.4011
		0.0595	-0.1325	-0.4011


 element
human