Mozilla/5.0 (Linux; Android 5.1.1; Nexus 5 Build/LMY48M) AppleWebKit/537.36 (KHTML, like Gecko) Chrome/45.0.2454.94 Mobile Safari/537.36

 standard_deviation

 standard_deviation_mean
	0.0178	0.0001	-0.0313

 standard_deviation
	0	0	0

 slope_aggression
	0.0001	0	0.0001

 sum
	2.8545	0.0561	4.9946

 raw
		0	-0.0001	-0.0186
		0.0034	0.0002	-0.0207
		0.0053	0.0003	-0.0219
		0.0081	0.0001	-0.024
		0.01	0	-0.0254
		0.0121	-0.0005	-0.0269
		0.0121	-0.0005	-0.0269
		0.0142	-0.0004	-0.0283
		0.0142	-0.0004	-0.0283
		0.0142	-0.0004	-0.0283
		0.0162	0	-0.0296
		0.0162	0	-0.0296
		0.0162	0	-0.0296
		0.0162	0	-0.0296
		0.0182	0.0004	-0.0308
		0.0182	0.0004	-0.0308
		0.0201	0.0003	-0.032
		0.0201	0.0003	-0.032
		0.0201	0.0003	-0.032
		0.0201	0.0003	-0.032
		0.0201	0.0003	-0.032
		0.0201	0.0003	-0.032
		0.0201	0.0003	-0.032
		0.0201	0.0003	-0.032
		0.0201	0.0003	-0.032
		0.0201	0.0003	-0.032
		0.0201	0.0003	-0.032
		0.0201	0.0003	-0.032
		0.0201	0.0003	-0.032
		0.0201	0.0003	-0.032
		0.0201	0.0003	-0.032
		0.0201	0.0003	-0.032
		0.0201	0.0003	-0.032
		0.0201	0.0003	-0.032
		0.0201	0.0003	-0.032
		0.0201	0.0003	-0.032
		0.0201	0.0003	-0.032
		0.0201	0.0003	-0.032
		0.0201	0.0003	-0.032
		0.0201	0.0003	-0.032
		0.0201	0.0003	-0.032
		0.0201	0.0003	-0.032
		0.0201	0.0003	-0.032
		0.0201	0.0003	-0.032
		0.0201	0.0003	-0.032
		0.0201	0.0003	-0.032
		0.0201	0.0003	-0.032
		0.0201	0.0003	-0.032
		0.0201	0.0003	-0.032
		0.0201	0.0003	-0.032
		0.0201	0.0003	-0.032
		0.0201	0.0003	-0.032
		0.0201	0.0003	-0.032
		0.0201	0.0003	-0.032
		0.0201	0.0003	-0.032
		0.0201	0.0003	-0.032
		0.0201	0.0003	-0.032
		0.0201	0.0003	-0.032
		0.0201	0.0003	-0.032
		0.0201	0.0003	-0.032
		0.0201	0.0003	-0.032
		0.0201	0.0003	-0.032
		0.0201	0.0003	-0.032
		0.0201	0.0003	-0.032
		0.0201	0.0003	-0.032
		0.0201	0.0003	-0.032
		0.0201	0.0003	-0.032
		0.0201	0.0003	-0.032
		0.0201	0.0003	-0.032
		0.0201	0.0003	-0.032
		0.0201	0.0003	-0.032
		0.0201	0.0003	-0.032
		0.0201	0.0003	-0.032
		0.0201	0.0003	-0.032
		0.0201	0.0003	-0.032
		0.0201	0.0003	-0.032
		0.0201	0.0003	-0.032
		0.0201	0.0003	-0.032
		0.0183	0.0004	-0.0321
		0.0183	0.0004	-0.0321
		0.0183	0.0004	-0.0321
		0.0183	0.0004	-0.0321
		0.0183	0.0004	-0.0321
		0.0183	0.0004	-0.0321
		0.0183	0.0004	-0.0321
		0.0183	0.0004	-0.0321
		0.0183	0.0004	-0.0321
		0.0183	0.0004	-0.0321
		0.0183	0.0004	-0.0321
		0.0183	0.0004	-0.0321
		0.0201	0.0007	-0.033
		0.0201	0.0007	-0.033
		0.0201	0.0007	-0.033
		0.0183	0.0007	-0.0319
		0.0183	0.0007	-0.0319
		0.0183	0.0007	-0.0319
		0.0183	0.0007	-0.0319
		0.0183	0.0007	-0.0319
		0.0183	0.0007	-0.0319
		0.0183	0.0007	-0.0319
		0.0183	0.0007	-0.0319
		0.0165	0	-0.0311
		0.0165	0	-0.0311
		0.0165	0	-0.0311
		0.0165	0	-0.0311
		0.0165	0	-0.0311
		0.0165	0	-0.0311
		0.0165	0	-0.0311
		0.0165	0	-0.0311
		0.0165	0	-0.0311
		0.0165	0	-0.0311
		0.0165	0	-0.0311
		0.0165	0	-0.0311
		0.0165	0	-0.0311
		0.0165	0	-0.0311
		0.0165	0	-0.0311
		0.0165	0	-0.0311
		0.0165	0	-0.0311
		0.0165	0	-0.0311
		0.0165	0	-0.0311
		0.0165	0	-0.0311
		0.0165	0	-0.0311
		0.0165	0	-0.0311
		0.0165	0	-0.0311
		0.0165	0	-0.0311
		0.0165	0	-0.0311
		0.0165	0	-0.0311
		0.0165	0	-0.0311
		0.0183	-0.0006	-0.0326
		0.0183	-0.0006	-0.0326
		0.0183	-0.0006	-0.0326
		0.0183	-0.0006	-0.0326
		0.0183	-0.0006	-0.0326
		0.0164	-0.0006	-0.0314
		0.0164	-0.0006	-0.0314
		0.0164	-0.0006	-0.0314
		0.0164	-0.0006	-0.0314
		0.0164	-0.0006	-0.0314
		0.0164	-0.0006	-0.0314
		0.0164	-0.0006	-0.0314
		0.0164	-0.0006	-0.0314
		0.0164	-0.0006	-0.0314
		0.0164	-0.0006	-0.0314
		0.0164	-0.0006	-0.0314
		0.0164	-0.0006	-0.0314
		0.0164	-0.0006	-0.0314
		0.0164	-0.0006	-0.0314
		0.0164	-0.0006	-0.0314
		0.0164	-0.0006	-0.0314
		0.0164	-0.0006	-0.0314
		0.0164	-0.0006	-0.0314
		0.0164	-0.0006	-0.0314
		0.0164	-0.0006	-0.0314
		0.0164	-0.0006	-0.0314
		0.0164	-0.0006	-0.0314
		0.0164	-0.0006	-0.0314
		0.0164	-0.0006	-0.0314
		0.0164	-0.0006	-0.0314
		0.0164	-0.0006	-0.0314
		0.0164	-0.0006	-0.0314
		0.0164	-0.0006	-0.0314


 element
wave