Mozilla/5.0 (Linux; Android 5.0.2; XT1034 Build/LXB22.46-32) AppleWebKit/537.36 (KHTML, like Gecko) Chrome/45.0.2454.94 Mobile Safari/537.36

 standard_deviation

 standard_deviation_mean
	-0.1624	-0.1798	-0.314

 standard_deviation
	0.0244	0.0225	0.1093

 slope_aggresion
	0.0397	0.0223	0.0609

 sum
	12.938	14.0383	24.8787

 raw
		-0.0574	0.0267	-0.0703
		-0.1298	-0.0246	-0.1825
		-0.1476	-0.0164	-0.2109
		-0.0945	-0.0177	-0.1129
		-0.1031	-0.0058	-0.1679
		-0.1107	-0.0343	-0.1766
		-0.0685	-0.0276	-0.1093
		-0.1237	-0.0308	-0.1805
		-0.1825	-0.0262	-0.2763
		-0.202	-0.0659	-0.307
		-0.1656	-0.0825	-0.2541
		-0.0831	-0.081	-0.1139
		-0.1659	-0.0776	-0.2614
		-0.4039	-0.0124	-0.7461
		-0.6505	-0.0593	-0.9938
		-0.5182	-0.0728	-0.959
		-0.5268	-0.1504	-0.9728
		-0.5362	-0.1558	-0.9844
		-0.4642	-0.187	-0.9399
		-0.4533	-0.1521	-0.9318
		-0.3926	-0.1017	-0.8837
		-0.4196	-0.0581	-0.9036
		-0.2502	-0.0814	-0.7047
		-0.2228	-0.1389	-0.6194
		-0.0877	-0.1624	-0.3686
		-0.1008	-0.1876	-0.3037
		-0.0613	-0.2085	-0.2003
		-0.091	-0.1719	-0.2306
		-0.0796	-0.1574	-0.1886
		-0.0841	-0.1366	-0.1966
		-0.0378	-0.1356	-0.1239
		-0.0754	-0.1757	-0.148
		-0.0856	-0.1656	-0.166
		-0.0614	-0.1494	-0.1023
		-0.0647	-0.139	-0.0858
		-0.0868	-0.1565	-0.1172
		-0.0894	-0.1632	-0.1154
		-0.0593	-0.1373	-0.0858
		-0.0776	-0.151	-0.1023
		-0.0635	-0.1545	-0.0827
		-0.0674	-0.1563	-0.1007
		-0.0866	-0.1309	-0.1422
		-0.0551	-0.132	-0.0871
		-0.0536	-0.1494	-0.0833
		-0.0609	-0.1596	-0.0821
		-0.0637	-0.1405	-0.0677
		-0.0374	-0.1404	-0.0314
		-0.0568	-0.132	-0.0871
		-0.0571	-0.1339	-0.0865
		-0.0595	-0.132	-0.0871
		-0.0589	-0.1423	-0.0672
		-0.0809	-0.127	-0.1064
		-0.0693	-0.1423	-0.0858
		-0.0609	-0.1371	-0.0865
		-0.0609	-0.1493	-0.0839
		-0.0322	-0.1543	-0.048
		0.0089	-0.1525	0.0222
		-0.0675	-0.1545	-0.0827
		-0.0641	-0.1426	-0.0662
		-0.0517	-0.1594	-0.048
		-0.0403	-0.1542	-0.0307
		-0.0516	-0.1458	-0.0486
		-0.0549	-0.1491	-0.0486
		-0.0524	-0.1525	-0.0486
		-0.0541	-0.1645	-0.0474
		-0.0512	-0.1594	-0.0477
		-0.0229	-0.1456	-0.0132
		0.0517	-0.1484	0.1082
		-0.0081	-0.1266	-0.0132
		-0.2139	-0.3115	-0.3713
		-0.3713	-0.4673	-0.6415
		-0.4425	-0.5174	-0.7752
		-0.4651	-0.4433	-0.9051
		-0.3722	-0.4827	-0.8392
		-0.3187	-0.5225	-0.7919
		-0.2961	-0.5568	-0.7569
		-0.3042	-0.5724	-0.7656
		-0.3106	-0.5745	-0.7869
		-0.2987	-0.5668	-0.7947
		-0.3295	-0.5734	-0.8156
		-0.3318	-0.5762	-0.8104


 element
wave