Mozilla/5.0 (Linux; Android 5.0.2; XT1034 Build/LXB22.46-32) AppleWebKit/537.36 (KHTML, like Gecko) Chrome/45.0.2454.94 Mobile Safari/537.36

 standard_deviation

 standard_deviation_mean
	0.0091	0.0084	0.0215

 standard_deviation
	0.0013	0.0014	0.0015

 slope_aggression
	0.0207	0.0186	0.0263

 sum
	1.3647	1.0514	2.027

 raw
		-0.0054	0.0013	0.0166
		-0.0214	-0.0063	-0.0084
		0.0066	0	0.0165
		0.0046	0.0136	0.0084
		0.0031	0.01	0.0168
		-0.0022	-0.0023	0.0166
		-0.0006	-0.0071	0.0336
		0.0121	0.0022	0.0328
		0.0036	0.0041	0.0002
		0.0171	0.0122	0.0249
		0.0034	0.0077	0.0085
		0.0191	0.0107	0.033
		0.013	-0.0014	0.0246
		-0.0083	-0.012	0.0084
		0.0038	-0.0033	0.0253
		-0.018	-0.0109	-0.0166
		0.0078	0.0063	0.0168
		-0.0049	-0.006	0.0083
		-0.0096	0.0077	0.0085
		-0.0013	-0.006	0.0249
		0.0075	0.0054	0.0254
		0.0021	0.0049	0.0249
		0.0119	0.0135	0.0334
		-0.0034	-0.0083	0.0168
		0.0195	0.0107	0.033
		0.006	0.0122	0.0166
		-0.0071	0.0122	0.0083
		-0.0034	-0.0087	0.0246
		-0.0068	0.0055	0.0002
		0.0038	0.0049	0.0166
		0.0163	-0.0024	0.0332
		-0.0105	0.0013	0
		0.0081	0.0026	0.0251
		0.0002	-0.0014	0.0081
		-0.0059	-0.006	0
		0.0087	-0.0028	0.0244
		0.0068	0.0063	0.0251
		0.0169	0.0044	0.0244
		0.0122	-0.0024	0.0249
		-0.0034	0	0.0082
		-0.0238	0.0004	-0.0249
		0.0045	0	0.0165
		-0.0116	-0.0009	-0.0082
		-0.0016	0.0013	0.0083
		0.0027	0.0027	0.0168
		0.0072	-0.0024	0.0332
		0.0053	0.0027	0.0168
		0.0037	0.0036	0.0082
		-0.0098	0.015	-0.0082
		0.0162	-0.0001	0.033
		0.008	0.0049	0.0249
		-0.007	-0.0037	0.0082
		-0.0054	-0.0073	0
		0.012	-0.0024	0.0249
		-0.0134	0	-0.0083
		-0.0112	0.0091	0.0002
		0.0074	-0.0087	0.0246
		-0.0031	0.0077	0.0002
		0.0223	-0.0074	0.0412
		0.0038	0.0022	0.0081
		0.0003	-0.0074	0.0247
		-0.0153	-0.0037	0.0082
		-0.0071	-0.001	0.0084
		0.004	-0.0074	0.0247
		-0.0039	0.0013	0
		-0.0106	0.005	-0.0083
		0.0097	0.0049	0.0249
		-0.0092	-0.0027	0.008
		0.0026	0.0086	0.0166
		0.0139	0.0214	0.0187
		0.0369	0.069	0.0306
		-0.0539	-0.0982	-0.0233
		-0.0694	-0.0318	-0.0892
		0.1503	0.0902	0.1776
		0.0942	0.0093	0.1257
		0.125	0.1254	0.1284
		0.0396	0.0172	0.0251
		0.0071	0.0013	0
		0.0145	0	0.0165
		0.1898	0.2155	0.2275
		0.1083	0.1771	0.11


 element
wave