Mozilla/5.0 (Macintosh; Intel Mac OS X 10_9_5) AppleWebKit/537.36 (KHTML, like Gecko) Chrome/45.0.2454.93 Safari/537.36

 standard_deviation

 standard_deviation_mean
	0	-0.0068	-0.0787

 standard_deviation
	0	0.0001	0.001

 slope_aggression
	0	0.0168	0.0391

 sum
	0	1.0033	6.2682

 raw
		0	-0.0164	-0.0358
		0	-0.0041	-0.1315
		0	-0.0241	-0.1156
		0	0.0163	-0.0119
		0	-0.0196	-0.1315
		0	-0.0241	-0.1076
		0	0.012	-0.0278
		0	0.0121	-0.0757
		0	0.0161	-0.0518
		0	-0.0001	-0.0677
		0	-0.0077	-0.0757
		0	-0.0393	-0.0917
		0	0.0041	-0.0198
		0	-0.0194	-0.0917
		0	-0.008	-0.0518
		0	0.0041	-0.0996
		0	-0.0364	-0.1474
		0	0.0043	-0.0518
		0	-0.008	-0.1156
		0	-0.0001	-0.1156
		0	0.0202	0.0041
		0	0.0161	-0.0917
		0	-0.0002	-0.0996
		0	-0.0162	-0.0677
		0	-0.0077	-0.1076
		0	-0.02	-0.0917
		0	-0.0162	-0.0757
		0	0.0041	-0.1315
		0	-0.016	-0.0358
		0	-0.0083	-0.1474
		0	-0.0162	-0.0677
		0	0.0121	-0.0757
		0	-0.02	-0.1076
		0	-0.016	-0.0677
		0	0.0001	-0.0518
		0	0.0162	-0.0358
		0	0.004	-0.0677
		0	0.0161	-0.0598
		0	-0.0035	-0.0278
		0	-0.0196	-0.0677
		0	-0.0156	-0.0917
		0	-0.0041	-0.0598
		0	-0.0203	-0.0757
		0	-0.0194	-0.0996
		0	0.012	-0.1076
		0	-0.0156	-0.0996
		0	0.0122	-0.0518
		0	-0.0243	-0.0917
		0	0.0122	-0.0677
		0	-0.0236	-0.0677
		0	0.0001	-0.0677
		0	-0.0162	-0.1076
		0	-0.0044	-0.0598
		0	0.0121	-0.0278
		0	-0.0164	-0.1076
		0	-0.0196	-0.1076
		0	-0.0162	-0.0917
		0	-0.0236	-0.0917
		0	-0.0077	-0.1076
		0	-0.0041	-0.0598
		0	0.0041	-0.0757
		0	-0.0162	-0.1315
		0	0.0041	-0.1076
		0	-0.008	-0.0757
		0	-0.0039	-0.0598
		0	-0.0205	-0.0757
		0	-0.0039	-0.1315
		0	0.0041	-0.0757
		0	0.004	-0.0198
		0	-0.0081	-0.0518
		0	0.0159	-0.0518
		0	-0.0196	-0.0996
		0	-0.0154	-0.0757
		0	-0.0001	-0.0996
		0	-0.0281	-0.0598
		0	-0.0081	-0.0358
		0	-0.008	-0.0677
		0	-0.0203	-0.1315
		0	-0.0037	-0.0518
		0	-0.0041	-0.0518
		0	-0.0241	-0.1076


 element
wave