Mozilla/5.0 (Linux; Android 5.1; XT1034 Build/LPB23.13-57) AppleWebKit/537.36 (KHTML, like Gecko) Chrome/45.0.2454.94 Mobile Safari/537.36

 standard_deviation

 standard_deviation_mean
	-0.0472	-0.0095	-0.0106

 standard_deviation
	0.0002	0	0.0001

 slope_aggression
	0.0152	0.0059	0.0146

 sum
	3.7825	0.7466	1.0233

 raw
		0	-0.0001	0.0116
		-0.0421	-0.0117	-0.0039
		-0.0723	-0.0121	-0.0345
		-0.0513	-0.0119	-0.0194
		-0.0362	-0.008	-0.004
		-0.0594	-0.0157	-0.0194
		-0.0634	-0.012	-0.0117
		-0.0783	-0.0039	-0.0428
		-0.0465	-0.0157	0.0038
		-0.036	-0.0004	-0.004
		-0.0271	-0.0004	0.0037
		-0.0467	-0.0081	-0.0194
		-0.0372	-0.0042	-0.0117
		-0.0722	-0.0118	-0.0272
		-0.0299	-0.0083	0.0034
		-0.0596	-0.0118	-0.035
		-0.0408	-0.0079	-0.0195
		-0.0306	-0.0157	0.0115
		-0.032	-0.0077	-0.0117
		-0.0422	-0.0119	-0.0194
		-0.0583	-0.0042	-0.0271
		-0.0343	-0.0078	-0.0039
		-0.0474	-0.0005	-0.0347
		-0.0485	-0.0119	-0.0117
		-0.0537	-0.0081	-0.0194
		-0.0369	-0.0157	0.0037
		-0.0428	-0.0081	-0.0194
		-0.0422	-0.0157	-0.004
		-0.058	-0.0042	-0.0194
		-0.0502	-0.0078	-0.0039
		-0.0524	-0.0038	-0.0196
		-0.0501	-0.012	-0.0041
		-0.0504	-0.0157	-0.004
		-0.0612	-0.0156	-0.0195
		-0.048	-0.0119	-0.004
		-0.0456	-0.0118	-0.004
		-0.0626	-0.0043	-0.0194
		-0.0615	-0.0002	-0.0117
		-0.0529	-0.008	-0.004
		-0.0587	-0.0042	-0.0117
		-0.0461	-0.0118	-0.0117
		-0.0185	-0.0003	-0.004
		-0.0307	-0.004	-0.0195
		-0.0375	-0.0157	-0.004
		-0.0431	-0.0081	-0.0041
		-0.0575	-0.0044	-0.0194
		-0.0554	-0.0081	-0.0117
		-0.0553	-0.0041	0.0037
		-0.0662	-0.0077	-0.0117
		-0.0774	-0.0118	-0.0272
		-0.0471	-0.0082	-0.0117
		-0.0292	-0.004	0.0038
		-0.0624	-0.0118	-0.0272
		-0.072	-0.0273	-0.0117
		-0.0499	-0.0039	-0.0195
		-0.0416	-0.0038	-0.0196
		-0.0335	-0.0081	-0.004
		-0.0276	-0.0041	0.0037
		-0.0453	-0.012	-0.0117
		-0.042	-0.004	-0.0117
		-0.0357	-0.0077	-0.0117
		-0.0317	-0.0079	-0.004
		-0.0519	-0.0118	-0.004
		-0.0657	-0.0117	-0.0273
		-0.0313	-0.008	-0.004
		-0.0144	-0.0079	0.0038
		-0.042	-0.012	-0.0117
		-0.0762	-0.0195	-0.0039
		-0.0593	-0.012	0.0036
		-0.0447	-0.0043	-0.0194
		-0.0558	-0.0196	-0.0194
		-0.0301	-0.0196	0.0036
		-0.0692	-0.0196	-0.0117
		-0.0545	-0.0157	0.0038
		-0.036	-0.0079	0.0038
		-0.0539	-0.0119	-0.004
		-0.0209	-0.0081	0.0189
		-0.06	-0.0196	-0.0272
		-0.0527	-0.0078	-0.0195
		-0.0427	-0.0043	-0.0117
		-0.0391	-0.0155	-0.0039


 element
wave