Mozilla/5.0 (iPhone; CPU iPhone OS 7_1_2 like Mac OS X) AppleWebKit/537.51.2 (KHTML, like Gecko) Version/7.0 Mobile/11D257 Safari/9537.53

 standard_deviation

 standard_deviation_mean
	-0.1037	0.2577	-0.4883

 standard_deviation
	0.1073	0.1399	0.1289

 slope_aggression
	0.0546	0.0634	0.1066

 sum
	22.3985	27.2303	42.7851

 raw
		0	-0.0001	0.0585
		0	-0.0001	0.0585
		0	-0.0001	0.0585
		0	-0.0001	0.0585
		0	-0.0001	0.0585
		0	-0.0001	0.0585
		0	-0.0001	0.0585
		0	-0.0001	0.0585
		0	-0.0001	0.0585
		0	-0.0001	0.0585
		-0.0083	-0.0841	-0.1018
		0.0987	-0.1579	-0.5682
		0.2195	-0.1696	-0.6995
		0.2427	-0.1373	-0.9058
		0.2361	-0.1259	-0.9632
		0.2505	-0.1286	-0.9955
		0.2213	-0.1428	-0.9949
		0.2256	-0.1499	-0.9999
		0.2435	-0.1089	-0.987
		0.2539	-0.0862	-0.8781
		0.196	0.0338	-0.7397
		0.1819	0.0792	-0.6487
		0.174	0.1842	-0.5534
		0.1201	0.3669	-0.3329
		0.1201	0.3669	-0.3329
		0.0352	0.5424	-0.0044
		0.0092	0.6077	0.0635
		0.0319	0.6907	0.051
		0.0785	0.7196	0.0479
		0.2152	0.7896	-0.0936
		0.2692	0.8231	-0.1831
		0.3183	0.856	-0.2981
		0.1373	0.9161	0.0648
		-0.8312	0.9324	0.7227
		-0.5826	0.8935	-0.751
		-0.5477	0.8691	-0.6946
		-0.5481	0.7904	-0.6651
		-0.5931	0.7397	-0.7269
		-0.6178	0.6849	-0.7629
		-0.6078	0.5966	-0.7467
		-0.5955	0.5593	-0.7304
		-0.5803	0.5211	-0.7042
		-0.5374	0.449	-0.6301
		-0.516	0.4123	-0.6017
		-0.4928	0.3715	-0.5668
		-0.4749	0.3264	-0.536
		-0.449	0.2432	-0.4963
		-0.4424	0.2034	-0.484
		-0.4436	0.1606	-0.482
		-0.4622	-0.011	-0.5513
		-0.4676	-0.0637	-0.5819
		-0.4718	-0.1659	-0.6552
		-0.442	-0.2285	-0.6956
		-0.4034	-0.1993	-0.6892
		-0.3877	-0.1204	-0.6802
		-0.3624	0.0876	-0.6686
		-0.351	0.2015	-0.6613
		-0.3284	0.4049	-0.6541
		-0.3284	0.4049	-0.6541
		-0.3238	0.5004	-0.6641
		-0.3356	0.6886	-0.7281
		-0.402	0.8259	-0.8526
		-0.4757	0.8797	-0.9357
		-0.8301	0.9201	-0.8105
		-0.2901	0.913	0.3225
		0.1434	0.7605	-0.5728
		0.1588	0.6143	-0.6394
		0.1625	0.5377	-0.6642
		0.1821	0.2822	-0.6993
		0.1873	0.1954	-0.7097
		0.1953	0.0463	-0.7224
		0.2007	-0.0108	-0.7176
		0.2068	-0.0605	-0.7144
		0.1997	-0.1841	-0.6739
		0.1978	-0.2077	-0.6438
		0.202	-0.2179	-0.6257
		0.208	-0.2275	-0.6273
		0.2374	-0.1425	-0.5532
		0.2467	-0.0852	-0.5222
		0.2608	0.0201	-0.5027
		0.2627	0.0744	-0.4803


 element
celluar