Mozilla/5.0 (Linux; Android 5.1; XT1034 Build/LPB23.13-57) AppleWebKit/537.36 (KHTML, like Gecko) Chrome/45.0.2454.94 Mobile Safari/537.36

 standard_deviation

 standard_deviation_mean
	-0.0291	0.359	-0.1985

 standard_deviation
	0.1735	0.2178	0.2241

 slope_aggression
	0.1756	0.0841	0.1959

 sum
	23.399	36.0007	33.3052

 raw
		0.001	-0.0087	0.0002
		-0.0065	-0.0087	-0.0161
		-0.0007	-0.0098	0.0085
		-0.0193	-0.0181	-0.0072
		0.1029	0.0288	0.1404
		0.0369	0.0071	0.0165
		0.1431	-0.0264	0.0008
		0.235	-0.0446	-0.0464
		0.2701	-0.0507	-0.109
		0.0916	-0.1131	-0.4447
		0.0723	-0.0881	-0.5399
		0.1149	-0.0943	-0.2842
		0.0369	-0.2418	-0.4731
		0.0324	0.0047	-0.6532
		0.0453	-0.1366	-0.4815
		0.1107	-0.1864	0.2348
		-0.0347	-0.2128	0.6868
		-0.2246	0.094	0.5459
		-0.1027	0.315	0.8682
		-0.6757	-0.0172	0.9794
		-0.7829	0.015	0.9999
		-0.7409	0.1442	0.7943
		-0.714	0.0182	0.2958
		0.151	0.7053	-0.655
		0.2974	0.593	-0.5398
		-0.9232	0.8188	-0.1057
		-0.9954	0.8019	-0.4033
		-0.977	0.7859	-0.4139
		-0.9581	0.8763	-0.0927
		-0.8437	0.9188	-0.2852
		-0.8012	0.9718	-0.0922
		0.8019	0.7603	0.3492
		-0.6139	0.9998	-0.0429
		-0.4465	0.9972	-0.2392
		-0.2519	0.9886	-0.3196
		0.507	0.9812	-0.9998
		0.9665	0.9806	-0.2301
		0.6853	0.9818	0.965
		0.3164	0.9954	0.5141
		0.0795	0.9999	0.1531
		0.0018	0.9958	0.0812
		0.0713	0.6621	-0.05
		0.1107	0.6259	-0.1454
		0.1631	0.5446	-0.1684
		0.2418	0.4642	-0.221
		0.3274	0.3974	-0.3684
		0.3122	0.3724	-0.3839
		0.2997	0.3177	-0.405
		0.2158	0.2625	-0.3124
		0.1746	0.2155	-0.3304
		0.0938	0.1424	-0.3176
		0.011	0.0748	-0.3104
		-0.0435	0.0133	-0.3003
		-0.0822	-0.0346	-0.2992
		-0.1059	-0.0837	-0.313
		-0.1272	-0.1435	-0.3591
		-0.1462	-0.1969	-0.4137
		-0.164	-0.2428	-0.4692
		-0.1764	-0.291	-0.6078
		-0.203	-0.3188	-0.6132
		-0.2487	-0.3676	-0.6063
		-0.268	-0.3857	-0.62
		-0.2272	-0.3255	-0.5823
		-0.1345	-0.1802	-0.5589
		-0.071	-0.0258	-0.4675
		-0.0197	0.1075	-0.411
		0.0332	0.229	-0.4201
		0.0803	0.4113	-0.4137
		0.0587	0.517	-0.3287
		0.0109	0.6159	-0.22
		-0.0708	0.736	-0.0957
		0.2857	0.9991	0.2951
		0.6253	0.9892	0.8471
		0.9986	0.9871	0.3024
		0.7292	0.9967	-0.8166
		0.511	0.9997	-0.9793
		0.25	0.9894	-0.9937
		0.0345	0.9535	-0.9674
		-0.1589	0.9037	-0.9373
		-0.3	0.8384	-0.9471
		-0.438	0.7861	-0.9294


 element
wave