Mozilla/5.0 (Macintosh; Intel Mac OS X 10_9_5) AppleWebKit/537.36 (KHTML, like Gecko) Chrome/45.0.2454.99 Safari/537.36

 standard_deviation

 standard_deviation_mean
	0	-0.007	-0.0998

 standard_deviation
	0	0.0001	0.0011

 slope_aggression
	0	0.0146	0.0344

 sum
	0	0.9255	8.012

 raw
		0	-0.0079	-0.1433
		0	-0.0119	-0.1275
		0	-0.0079	-0.0877
		0	-0.0041	-0.1513
		0	-0.032	-0.1354
		0	-0.0079	-0.1036
		0	-0.0035	-0.1275
		0	-0.0205	-0.1354
		0	-0.0122	-0.1275
		0	-0.0199	-0.0558
		0	0.008	-0.1116
		0	0.0202	-0.0558
		0	-0.0119	-0.0957
		0	0.0001	-0.1433
		0	-0.0039	-0.1671
		0	-0.0199	-0.0957
		0	-0.0039	-0.0877
		0	-0.0043	-0.0957
		0	-0.0119	-0.0319
		0	0.0005	-0.0877
		0	-0.0122	-0.1036
		0	-0.0072	-0.1036
		0	-0.0033	-0.1116
		0	0.0161	-0.0638
		0	0.008	-0.0718
		0	-0.0114	-0.1036
		0	-0.0194	-0.1433
		0	0.008	-0.0558
		0	-0.0202	-0.1275
		0	0.016	-0.0877
		0	-0.0313	-0.1354
		0	-0.0199	-0.1036
		0	-0.0122	-0.1036
		0	0.0001	-0.1116
		0	-0.0313	-0.1036
		0	-0.0001	-0.0957
		0	-0.0199	-0.1433
		0	-0.0072	-0.1116
		0	-0.0004	-0.008
		0	-0.0041	-0.0239
		0	-0.0194	-0.0957
		0	0.008	-0.0638
		0	-0.0124	-0.1116
		0	-0.0002	-0.1036
		0	-0.0119	-0.0638
		0	-0.0002	-0.0718
		0	-0.0084	-0.1036
		0	0.0118	-0.0479
		0	-0.0199	-0.1354
		0	-0.0124	-0.1275
		0	-0.0194	-0.0718
		0	0.0161	-0.0638
		0	-0.0271	-0.1116
		0	-0.0084	-0.0957
		0	0.0202	-0.0319
		0	-0.0074	-0.0479
		0	-0.0119	-0.0877
		0	-0.0074	-0.0957
		0	-0.0043	-0.175
		0	-0.0039	-0.1275
		0	-0.0119	-0.1036
		0	-0.0079	-0.1036
		0	-0.0004	-0.1116
		0	-0.0041	-0.1433
		0	-0.0114	-0.1433
		0	-0.0041	-0.0638
		0	-0.0079	-0.1116
		0	0.008	-0.0957
		0	0.0121	-0.0877
		0	-0.0001	-0.0877
		0	-0.028	-0.1036
		0	-0.0323	-0.1433
		0	0.0162	-0.0479
		0	-0.0081	-0.1275
		0	-0.0114	-0.1036
		0	-0.0079	-0.0877
		0	-0.0202	-0.0877
		0	-0.0242	-0.1354
		0	-0.0112	-0.1433
		0	0.0085	-0.0718
		0	0.0077	-0.0638


 element
wave