Mozilla/5.0 (iPhone; CPU iPhone OS 7_1_2 like Mac OS X) AppleWebKit/537.51.2 (KHTML, like Gecko) Version/7.0 Mobile/11D257 Safari/9537.53

 standard_deviation

 standard_deviation_mean
	0.0043	0.0002	0.0582

 standard_deviation
	0	0	0

 slope_aggression
	0.0002	0.0001	0.0002

 sum
	0.3482	0.0201	4.657

 raw
		0	-0.0001	0.0583
		0	-0.0001	0.0583
		0	-0.0001	0.0583
		0	-0.0001	0.0583
		0	-0.0001	0.0583
		0	-0.0001	0.0583
		0	-0.0001	0.0583
		0	-0.0001	0.0583
		0	-0.0001	0.0583
		0	-0.0001	0.0583
		0.0088	-0.0002	0.0566
		0.0082	0.0008	0.0581
		0.008	0.0009	0.0582
		0.0074	0.0004	0.0581
		0.0074	0.0003	0.0581
		0.0071	0.0003	0.0581
		0.0065	0.0002	0.0578
		0.0065	0.0002	0.0578
		0.0063	0.0001	0.0579
		0.0061	0	0.0577
		0.0057	0.0001	0.0581
		0.0056	-0.0001	0.0581
		0.0056	-0.0001	0.0585
		0.0054	-0.0001	0.0586
		0.0053	-0.0001	0.0585
		0.0053	-0.0002	0.0588
		0.0052	-0.0003	0.0588
		0.0051	0.0001	0.0586
		0.0051	0	0.0586
		0.0048	-0.0001	0.0578
		0.0049	-0.0001	0.058
		0.0047	-0.0003	0.0578
		0.0045	-0.0003	0.0583
		0.0046	0	0.059
		0.0047	-0.0001	0.059
		0.0047	0.0002	0.0587
		0.0047	0.0003	0.0586
		0.0046	0.0003	0.0585
		0.0045	0.0001	0.0582
		0.0044	0.0002	0.0581
		0.0045	0.0001	0.0584
		0.0043	-0.0002	0.0584
		0.0043	-0.0002	0.0583
		0.0043	0.0001	0.0582
		0.0043	0.0001	0.0581
		0.0041	0.0004	0.058
		0.0042	0.0003	0.0577
		0.0043	0.0002	0.0578
		0.0044	0	0.0578
		0.0044	-0.0001	0.058
		0.0045	-0.0001	0.0581
		0.0045	0	0.0578
		0.0046	0	0.0578
		0.0046	0	0.0578
		0.0045	-0.0001	0.0581
		0.0045	0.0001	0.0581
		0.0044	0.0003	0.0581
		0.0043	0.0003	0.0583
		0.0042	0.0003	0.0579
		0.0041	0.0003	0.0579
		0.0043	0.0002	0.0579
		0.0044	0.0004	0.0578
		0.0047	0.0005	0.0582
		0.0048	0.0003	0.0588
		0.0045	0.0002	0.0584
		0.0045	0.0002	0.0583
		0.0046	0.0002	0.0585
		0.0046	0.0004	0.0586
		0.0046	0.0005	0.0585
		0.0045	0.0005	0.0585
		0.0042	0.0006	0.0582
		0.0041	0.0008	0.0577
		0.004	0.0007	0.0575
		0.0041	0.0007	0.058
		0.0039	0.0007	0.0579
		0.0038	0.0004	0.0577
		0.0039	0.0005	0.0577
		0.0039	0.0004	0.0578
		0.004	0.0003	0.0584
		0.004	0.0001	0.0583
		0.004	-0.0003	0.0587


 element
celluar