Mozilla/5.0 (Linux; Android 5.1; XT1034 Build/LPB23.13-57) AppleWebKit/537.36 (KHTML, like Gecko) Chrome/45.0.2454.94 Mobile Safari/537.36

 standard_deviation

 standard_deviation_mean
	0.0052	0.0078	-0.0076

 standard_deviation
	0	0	0.0002

 slope_aggression
	0.0103	0.006	0.0172

 sum
	0.6576	0.6547	1.0807

 raw
		0.0085	0.0011	0.012
		-0.0024	0.0023	-0.0122
		0.0094	0.0168	-0.0202
		-0.0047	0.0131	-0.0444
		0.02	0.0181	-0.0041
		0.0009	0.0035	-0.0122
		0.0157	0.0255	-0.0206
		-0.0092	0.0071	-0.037
		0.0172	0.0096	0.012
		0.0168	0.0023	0.0281
		0.0129	0.0059	0.0121
		0.0161	0.012	0.0121
		0.0014	0.012	-0.0204
		0.014	0.0084	0.0121
		0.0047	0.0108	-0.012
		-0.0013	0.0108	-0.0284
		0.0032	-0.0002	0.0039
		0.0061	0.0035	0.0039
		0.0021	0.012	-0.0204
		0.0041	0.0084	-0.0123
		0.012	0.0132	-0.0122
		0.0168	0.0108	0.012
		-0.0066	0.0047	-0.0204
		0.0011	0.0072	-0.0122
		-0.0049	0.0047	-0.0204
		0.0072	0.0096	-0.0042
		-0.0047	0.0083	-0.0286
		0.0094	0.0144	-0.0041
		0.0124	0.0108	0.0039
		-0.0003	0.0071	-0.0203
		0.0207	0.0218	-0.0042
		0.0081	0.0072	-0.0041
		-0.0057	-0.0038	-0.0122
		0.007	0.0084	-0.0042
		0.005	0.0072	-0.0041
		0.0189	0.012	0.012
		0.0054	0.0108	-0.0122
		0.0064	0.006	0.0039
		-0.0005	0.0047	-0.0123
		0.0102	0.0108	-0.0041
		-0.003	0.001	-0.0123
		0.0012	0.0059	-0.0122
		0.0185	0.0194	-0.0043
		0.0035	0.0047	-0.0123
		0.0108	0.0035	0.0039
		0.0163	0.0108	0.0039
		0.0055	0.0059	-0.0042
		0.0014	0.0047	-0.0121
		0.013	-0.0013	0.012
		0.0036	-0.0001	-0.012
		0.0114	0.0108	-0.0041
		0.0184	0.0108	0.012
		-0.0093	0.0095	-0.0369
		0.0072	0.0072	0.0039
		0.0029	0.012	-0.0204
		-0.0074	0.0023	-0.0202
		-0.0003	0.0072	-0.0122
		-0.0044	0.012	-0.0286
		0.0083	0.0157	-0.0123
		0.0015	-0.0002	0.0039
		0.0032	0.0059	-0.0042
		-0.0084	-0.0087	-0.0041
		-0.0056	0.0023	-0.0202
		-0.01	0.0071	-0.037
		-0.0054	0.0047	-0.0204
		0.0085	0.0084	0.0039
		0.0212	0.0168	0.012
		-0.0093	0.0059	-0.0364
		0.0093	0.0084	0.0039
		0.0143	0.0133	0.0121
		0.0105	0.0182	-0.0124
		0.0144	0.0059	0.0121
		0.0008	0.0047	-0.0123
		-0.001	0.001	-0.0042
		-0.0132	-0.0002	-0.0284
		0.0008	0.0059	-0.0124
		0.008	0.0084	-0.0042
		0.0153	0.0084	0.0121
		-0.0055	0.0022	-0.0205
		0.0095	0.0035	0.012
		0.0107	0.012	-0.0042


 element
wave