Mozilla/5.0 (Macintosh; Intel Mac OS X 10_9_5) AppleWebKit/537.36 (KHTML, like Gecko) Chrome/45.0.2454.93 Safari/537.36

 standard_deviation

 standard_deviation_mean
	0	0.0224	-0.1078

 standard_deviation
	0	0.0002	0.001

 slope_aggresion
	0	0.0186	0.0359

 sum
	0	1.8727	8.6158

 raw
		0	0.0401	-0.0678
		0	0.024	-0.1155
		0	0.0199	-0.0917
		0	0.0204	-0.1076
		0	0.0157	-0.1868
		0	0.0361	-0.1076
		0	0.024	-0.0917
		0	0.0086	-0.0996
		0	0.0441	-0.0917
		0	0.004	-0.1394
		0	-0.0041	-0.1552
		0	0.0046	-0.0917
		0	0.036	-0.1789
		0	0.0199	-0.1314
		0	0.0159	-0.1155
		0	0.008	-0.1076
		0	0.0244	-0.0917
		0	0.0285	-0.1076
		0	0.0044	-0.1155
		0	0.0441	-0.1076
		0	0.0201	-0.1394
		0	-0.0003	-0.1552
		0	0.0078	-0.0678
		0	0.0244	-0.1076
		0	0.0362	-0.1473
		0	0.0401	-0.0279
		0	0.0361	-0.0917
		0	0.008	-0.0996
		0	0.0241	-0.1155
		0	0.0442	-0.0678
		0	0.0044	-0.0757
		0	0.0205	-0.0996
		0	0.0078	-0.1473
		0	0.0084	-0.1155
		0	0.0283	-0.1155
		0	0.0281	-0.1076
		0	-0.0113	-0.1155
		0	-0.0036	-0.0996
		0	0.0441	-0.1155
		0	0.0403	-0.0917
		0	0.0241	-0.1076
		0	0.0279	-0.0996
		0	0.008	-0.0917
		0	0.0201	-0.1155
		0	0.0201	-0.0996
		0	0.0363	-0.1076
		0	0.0201	-0.0678
		0	0.0044	-0.171
		0	0.028	-0.0598
		0	0.0482	-0.1076
		0	0.0201	-0.1394
		0	0.0361	-0.0996
		0	0.0563	-0.0598
		0	0.0046	-0.1473
		0	0.0563	-0.0678
		0	0.0198	-0.1076
		0	0.0196	-0.1155
		0	0.0482	-0.0598
		0	-0.0113	-0.1155
		0	0.0196	-0.0996
		0	0.0201	-0.1155
		0	0.004	-0.0996
		0	0.016	-0.0757
		0	0.0044	-0.0678
		0	0.0283	-0.0757
		0	0.028	-0.0917
		0	0.0084	-0.171
		0	0.0086	-0.0996
		0	0.0443	-0.1314
		0	0.0401	-0.1314
		0	-0.0124	-0.171
		0	0.0361	-0.1155
		0	0.0644	-0.0279
		0	0.0401	-0.0279
		0	0.024	-0.0917
		0	0.0362	-0.1473
		0	0.0204	-0.1314
		0	0.0044	-0.1789
		0	0.0201	-0.0917
		0	0.0157	-0.1314
		0	0.0281	-0.1155


 element
wave