Mozilla/5.0 (Macintosh; Intel Mac OS X 10_9_5) AppleWebKit/537.36 (KHTML, like Gecko) Chrome/45.0.2454.93 Safari/537.36

 standard_deviation

 standard_deviation_mean
	0	0.0059	-0.0771

 standard_deviation
	0	0.0002	0.0011

 slope_aggresion
	0	0.0171	0.0395

 sum
	0	1.076	6.1011

 raw
		0	-0.0291	-0.1355
		0	0.0199	-0.0159
		0	0.0115	-0.0638
		0	0.0081	-0.0558
		0	-0.016	-0.0797
		0	0.0117	-0.1036
		0	0.0278	-0.1036
		0	0.0035	-0.0239
		0	0.0237	-0.0717
		0	0.0037	-0.0239
		0	0.0115	-0.0638
		0	0.0081	-0.0957
		0	0.0079	-0.0957
		0	0.0318	-0.0957
		0	-0.0118	-0.0797
		0	0.0034	-0.0797
		0	0.0039	-0.0717
		0	-0.0007	-0.1514
		0	0.0197	-0.0717
		0	0.0076	-0.0558
		0	-0.0078	-0.0638
		0	0.0277	-0.0558
		0	-0.0124	-0.1036
		0	-0.0205	-0.1196
		0	-0.0118	-0.0558
		0	0.0196	-0.1434
		0	0.0035	-0.0957
		0	-0.0005	-0.0797
		0	-0.0084	-0.0717
		0	0.0079	-0.0558
		0	0.012	-0.0717
		0	-0.012	-0.0797
		0	0.0277	-0.0717
		0	0.0037	-0.1036
		0	-0.0167	-0.1196
		0	-0.0086	-0.0318
		0	0.0079	-0.0717
		0	0.0198	-0.1116
		0	0.0399	0.0001
		0	0.0037	-0.0638
		0	-0.0084	-0.1116
		0	-0.0198	-0.0638
		0	-0.012	-0.0797
		0	0.012	-0.0797
		0	0.0277	-0.0398
		0	0.0116	-0.0558
		0	0.0034	-0.1036
		0	0.0079	-0.0558
		0	0.0117	-0.0717
		0	0.0237	-0.0558
		0	0.0318	-0.0717
		0	0.0237	-0.0239
		0	-0.008	-0.1116
		0	0.0116	-0.0638
		0	0.0399	-0.0797
		0	0.0278	-0.0239
		0	0.0037	-0.0797
		0	-0.0165	-0.0398
		0	0.0079	-0.0957
		0	0.0119	-0.0318
		0	0.0116	-0.1116
		0	-0.0158	-0.1196
		0	-0.0088	-0.1116
		0	0.0037	-0.1036
		0	-0.0084	-0.0797
		0	0.0399	-0.0239
		0	-0.0084	-0.1593
		0	-0.0004	-0.0398
		0	-0.0078	-0.1036
		0	0.0117	-0.0398
		0	0.0199	-0.0717
		0	0.0039	-0.0797
		0	0.0239	-0.0558
		0	-0.012	-0.0797
		0	-0.0001	-0.0318
		0	-0.0001	-0.1196
		0	0.0115	-0.1196
		0	-0.0088	-0.1116
		0	0.0116	-0.0558
		0	0.0117	-0.0398
		0	-0.0165	-0.1434


 element
wave