Mozilla/5.0 (Macintosh; Intel Mac OS X 10_9_5) AppleWebKit/537.36 (KHTML, like Gecko) Chrome/45.0.2454.99 Safari/537.36

 standard_deviation

 standard_deviation_mean
	0	0.0012	-0.0091

 standard_deviation
	0	0	0

 slope_aggression
	0	0.0034	0.0103

 sum
	0	0.2254	0.8127

 raw
		0	0.0033	0
		0	0.0033	0
		0	-0.0007	0
		0	-0.0007	-0.016
		0	-0.0005	0
		0	-0.0007	-0.016
		0	-0.0005	0
		0	0.0035	-0.016
		0	-0.0007	-0.024
		0	0.0035	-0.016
		0	0.0035	-0.016
		0	-0.0045	-0.0319
		0	0.0033	-0.016
		0	0.0039	-0.016
		0	0.0035	-0.016
		0	0.0033	0
		0	-0.0007	-0.016
		0	0.0035	-0.016
		0	0.0033	0
		0	0.0035	-0.016
		0	0.0035	0
		0	0.0035	-0.024
		0	-0.0048	0.0159
		0	-0.0005	0
		0	0.0073	0
		0	0.0033	-0.016
		0	0.0075	-0.016
		0	-0.0048	-0.016
		0	-0.0005	0
		0	-0.0005	0
		0	0.0073	-0.016
		0	-0.0005	0
		0	0.0035	-0.016
		0	-0.0007	0
		0	-0.0005	-0.016
		0	-0.0007	-0.016
		0	-0.0005	0.0079
		0	-0.0005	-0.016
		0	-0.0007	-0.016
		0	0.0035	-0.016
		0	-0.0045	0
		0	0.0039	-0.016
		0	0.0039	-0.016
		0	0.0039	0
		0	-0.0005	0
		0	-0.0007	-0.016
		0	0.0033	0
		0	0.0075	-0.016
		0	-0.0005	0
		0	0.0033	-0.016
		0	-0.0048	0
		0	-0.0007	0
		0	0.0075	-0.016
		0	0.0033	-0.016
		0	-0.0005	-0.016
		0	-0.0007	-0.016
		0	-0.0005	-0.016
		0	0.0033	-0.024
		0	-0.0005	-0.016
		0	0.0033	0
		0	0.0033	0
		0	-0.0007	0
		0	0.0033	-0.024
		0	-0.0005	-0.016
		0	-0.0045	-0.016
		0	0.0035	0
		0	0.0039	0
		0	0.0035	-0.016
		0	0.0035	-0.024
		0	0.0035	0
		0	0.0073	0
		0	-0.0007	0.0079
		0	-0.0005	0
		0	-0.0007	0
		0	-0.0045	0.0079
		0	0.0035	-0.016
		0	-0.0128	-0.016
		0	-0.0005	0
		0	-0.0007	-0.016
		0	-0.0007	-0.016
		0	-0.0005	0


 element
wave