Mozilla/5.0 (Linux; Android 5.1; XT1034 Build/LPB23.13-57) AppleWebKit/537.36 (KHTML, like Gecko) Chrome/45.0.2454.94 Mobile Safari/537.36

 standard_deviation

 standard_deviation_mean
	0.0933	0.0013	-0.036

 standard_deviation
	0.0013	0	0.0001

 slope_aggression
	0.0361	0.0071	0.0126

 sum
	7.4312	0.4282	2.8634

 raw
		0.0195	-0.0077	-0.0229
		0.0503	0	-0.0156
		0.1277	0.0039	-0.0389
		0.0687	-0.0001	-0.046
		0.0471	0.0038	-0.0383
		0.071	-0.0039	-0.0308
		0.1809	0	-0.0541
		0.1663	-0.0038	-0.0466
		0.1279	0.0079	-0.0392
		0.1011	-0.0077	-0.031
		0.0811	0.0074	-0.0378
		0.128	-0.0154	-0.0462
		0.056	-0.0077	-0.0154
		0.0564	0.0191	-0.0307
		0.0942	-0.0001	-0.0456
		0.0357	0.0117	-0.0311
		0.1004	0	-0.0389
		0.0899	0.0038	-0.0385
		0.0474	0.0038	-0.023
		0.1206	-0.0115	-0.053
		0.0935	0.0077	-0.0464
		0.0249	0.0076	-0.0153
		0.0642	-0.0001	-0.0307
		0.099	0.0077	-0.0385
		0.1384	0.0077	-0.0539
		0.1177	-0.0001	-0.0536
		0.0803	-0.0001	-0.0458
		0.0469	-0.0001	-0.0154
		0.1271	0.0037	-0.0382
		0.1392	0	-0.0385
		0.1484	0.0037	-0.0382
		0.1819	0.0114	-0.0536
		0.145	0.0078	-0.0391
		0.0828	0.0038	-0.0232
		0.0971	0.0039	-0.031
		0.1712	0	-0.0618
		0.1119	-0.0077	-0.0387
		0.1008	-0.0077	-0.0229
		0.086	0	-0.0389
		0.1406	-0.0077	-0.0626
		0.0933	-0.0001	-0.0383
		0.0883	-0.0001	-0.0304
		0.0676	-0.0154	-0.0233
		0.0677	0	-0.0233
		0.1095	0.0156	-0.0391
		0.0336	0.0154	-0.0233
		0.0541	0.0078	-0.0389
		0.078	-0.0116	-0.0464
		0.0903	0	-0.0387
		0.0617	0.0113	-0.0228
		0.1294	0.0077	-0.0308
		0.0441	0.0078	-0.0235
		0.0742	0.0116	-0.0387
		0.1044	0.0075	-0.0382
		0.0628	0.004	-0.0236
		0.0749	-0.0038	-0.0391
		0.0738	0.0154	-0.0462
		0.0456	0	-0.0387
		0.0685	0	-0.0462
		0.0329	-0.0115	-0.0153
		0.0889	-0.0039	-0.0308
		0.1398	0.0038	-0.0385
		0.0529	0	-0.0078
		0.1722	-0.0039	-0.046
		0.129	0.0037	-0.0456
		0.0595	0.0038	-0.0307
		0.068	0.0039	-0.0233
		0.1211	0	-0.0385
		0.1191	-0.0039	-0.0464
		0.1079	0.0075	-0.0382
		0.1341	0.0038	-0.0385
		0.1135	0	-0.0385
		0.0751	-0.0039	-0.023
		0.0855	0.0038	-0.0307
		0.0773	-0.0077	-0.0383
		0.0717	-0.0115	-0.0228
		0.082	-0.0039	-0.031
		0.0916	0.0038	-0.0385
		0.1005	0.0001	-0.0468
		0.1157	0	-0.0385
		0.1332	0.0038	-0.046


 element
water