Mozilla/5.0 (Macintosh; Intel Mac OS X 10_9_5) AppleWebKit/537.36 (KHTML, like Gecko) Chrome/45.0.2454.93 Safari/537.36

 standard_deviation

 standard_deviation_mean
	0	0.0127	-0.0736

 standard_deviation
	0	0.0001	0.0009

 slope_aggresion
	0	0.0131	0.0335

 sum
	0	1.1669	5.9178

 raw
		0	0.0161	-0.0797
		0	0.0085	-0.0957
		0	-0.0039	-0.1196
		0	0.008	-0.0558
		0	0.0082	-0.0717
		0	0.0199	-0.0638
		0	0.008	-0.0797
		0	0.02	-0.0638
		0	0.02	-0.0398
		0	0.0159	-0.0638
		0	0.0162	-0.0797
		0	0.0077	-0.0797
		0	0.0161	-0.0239
		0	0.0082	-0.0797
		0	-0.0001	-0.0558
		0	0.0161	-0.0717
		0	0.0087	-0.0957
		0	0.0525	-0.0318
		0	0.0082	-0.0638
		0	0.0125	-0.1196
		0	0.0005	-0.0957
		0	0.0001	-0.0797
		0	-0.0283	-0.1116
		0	0.0121	-0.0638
		0	0.008	-0.0558
		0	0.0282	-0.0717
		0	0.0281	-0.0239
		0	0.0161	-0.1196
		0	0.008	-0.0797
		0	0.0205	-0.0638
		0	0.0202	-0.0717
		0	0.0079	-0.1196
		0	-0.0079	-0.0957
		0	0.0162	-0.0717
		0	0.0119	-0.1036
		0	0.0323	-0.0398
		0	0.0125	-0.1116
		0	0.0085	-0.1116
		0	0.0125	-0.0638
		0	0.0005	-0.0239
		0	0.0322	-0.0638
		0	0.0283	-0.0318
		0	0.0161	-0.0717
		0	-0.0114	-0.0717
		0	0.0121	-0.0717
		0	0.0122	-0.0717
		0	0.0324	-0.0239
		0	0.0121	-0.0239
		0	-0.0039	-0.1036
		0	-0.0002	-0.1593
		0	0.0122	-0.0638
		0	0.0283	-0.0638
		0	0.0323	-0.0797
		0	0.0082	-0.0797
		0	-0.0081	-0.1196
		0	0.0082	-0.0558
		0	0.0202	-0.0797
		0	0.0161	-0.0957
		0	0.0119	-0.0638
		0	0.0363	0.0001
		0	0.0199	-0.0558
		0	0.0364	-0.0159
		0	-0.0001	-0.0957
		0	0.02	-0.0318
		0	0.0121	-0.0638
		0	0.0082	-0.0638
		0	0.02	-0.0717
		0	0.0165	-0.0558
		0	0.0161	-0.1116
		0	0.0077	-0.1116
		0	0.0203	-0.0797
		0	-0.0112	-0.1434
		0	0.0202	-0.0558
		0	0.0001	-0.0318
		0	0.0162	-0.1036
		0	-0.0001	-0.1196
		0	0.0085	-0.1116
		0	0.0001	-0.0797
		0	0.0162	-0.0398
		0	0.016	-0.0717
		0	0.0161	-0.0398


 element
wave