Mozilla/5.0 (Macintosh; Intel Mac OS X 10_9_5) AppleWebKit/537.36 (KHTML, like Gecko) Chrome/45.0.2454.93 Safari/537.36

 standard_deviation

 standard_deviation_mean
	0	0.0028	-0.0988

 standard_deviation
	0	0.0001	0.0011

 slope_aggresion
	0	0.0155	0.0397

 sum
	0	0.9211	7.8699

 raw
		0	0.0077	-0.1195
		0	0.0037	-0.0319
		0	-0.0002	-0.1195
		0	-0.0285	-0.1275
		0	-0.0083	-0.0797
		0	0.028	-0.0558
		0	0.0241	-0.0797
		0	0.0241	-0.0558
		0	-0.0121	-0.1275
		0	0.0119	-0.0399
		0	0.02	-0.0718
		0	0.0199	-0.0957
		0	-0.0125	-0.1195
		0	0.0079	-0.0877
		0	0.0077	-0.0797
		0	-0.0083	-0.1195
		0	0.0077	-0.0877
		0	0.0118	-0.0558
		0	0.0241	-0.0718
		0	-0.0001	-0.0877
		0	0.0118	-0.1275
		0	0.02	-0.0399
		0	-0.0123	-0.1593
		0	0.004	-0.0957
		0	0.0038	-0.0877
		0	-0.0202	-0.1513
		0	-0.0157	-0.1513
		0	0.0079	-0.0877
		0	0.0199	-0.0478
		0	-0.0004	-0.1116
		0	0.0077	-0.1354
		0	0.0077	-0.0957
		0	0.004	-0.1354
		0	-0.0285	-0.1354
		0	0.008	-0.0558
		0	-0.0083	-0.0877
		0	0.004	-0.0877
		0	0.0118	-0.0159
		0	-0.0121	-0.1354
		0	-0.0081	-0.0797
		0	0.0035	-0.1116
		0	-0.0077	-0.1116
		0	0.0037	-0.0718
		0	-0.0121	-0.0957
		0	0.0118	-0.0558
		0	-0.0157	-0.0877
		0	0.0083	-0.0797
		0	0.0118	-0.0877
		0	0.008	-0.0877
		0	0.0037	-0.1195
		0	-0.0161	-0.1195
		0	0.0079	-0.1116
		0	0.0044	-0.0797
		0	0.02	-0.0718
		0	0.0199	-0.0478
		0	0.0043	-0.1513
		0	-0.0083	-0.0797
		0	0.0239	-0.0718
		0	0.0035	-0.1275
		0	-0.0121	-0.1275
		0	0.0117	-0.1116
		0	-0.0081	-0.1593
		0	0.0119	-0.1275
		0	0.0117	-0.1116
		0	-0.0083	-0.0877
		0	0.004	-0.1275
		0	-0.0197	-0.1354
		0	-0.0081	-0.0718
		0	-0.0123	-0.1751
		0	0.0281	-0.1116
		0	-0.0117	-0.1354
		0	0.004	-0.1195
		0	-0.0081	-0.0797
		0	-0.0083	-0.0797
		0	-0.0004	-0.1672
		0	0.0123	-0.0478
		0	0.02	-0.1116
		0	0.004	-0.0877
		0	-0.0161	-0.1195
		0	0.0199	-0.0718
		0	0.0079	-0.1275


 element
wave