Mozilla/5.0 (Macintosh; Intel Mac OS X 10_9_5) AppleWebKit/537.36 (KHTML, like Gecko) Chrome/45.0.2454.93 Safari/537.36

 standard_deviation

 standard_deviation_mean
	0	0.0243	-0.049

 standard_deviation
	0	0.0002	0.0012

 slope_aggresion
	0	0.0184	0.0396

 sum
	0	3.9878	8.2528

 raw
		0	0.0158	-0.0797
		0	0.0273	-0.0238
		0	-0.0001	-0.0398
		0	0.0311	-0.0238
		0	0.011	-0.0877
		0	0.0595	0.0002
		0	0.0347	-0.0238
		0	0.015	-0.0797
		0	0.0119	-0.0797
		0	0.0349	-0.0398
		0	0.0313	-0.0078
		0	0.0398	0.0002
		0	0.0754	0.0241
		0	0.0266	0.0241
		0	0.019	-0.0158
		0	0.0079	-0.0557
		0	0.0511	-0.0078
		0	-0.0001	-0.0637
		0	0.0193	-0.0557
		0	0.0119	-0.1275
		0	0.0675	0.04
		0	-0.0037	-0.1036
		0	0.015	-0.0637
		0	0.0514	0.0161
		0	0.032	-0.0637
		0	0.011	-0.0478
		0	0.0311	-0.0797
		0	0.0271	-0.0398
		0	0.0311	-0.0398
		0	0.0273	-0.0957
		0	0.0278	-0.0478
		0	0.0311	-0.0158
		0	0.0343	-0.0158
		0	-0.0087	-0.1355
		0	0.0153	-0.0797
		0	0.0392	-0.0158
		0	0.015	-0.0797
		0	0.0511	0.0161
		0	0.0003	-0.0797
		0	0.011	-0.0877
		0	0.0271	-0.0398
		0	0.0198	-0.0637
		0	0.0106	-0.1196
		0	0.019	-0.0797
		0	0.0003	-0.0478
		0	0.0153	-0.0557
		0	0.0113	-0.0797
		0	-0.0008	-0.1036
		0	0.0268	-0.1036
		0	0.0119	-0.0557
		0	0.0311	-0.0478
		0	0.0113	-0.0797
		0	0.0513	-0.0158
		0	0.0193	-0.0557
		0	0.0511	-0.0637
		0	0.0351	-0.0158
		0	0.0309	-0.0637
		0	0.015	-0.0557
		0	0.0153	-0.0557
		0	0.0471	-0.0078
		0	0.0069	-0.0797
		0	0.019	-0.0557
		0	-0.0008	-0.0957
		0	-0.0018	-0.0797
		0	0.0313	-0.0637
		0	0.0193	-0.0478
		0	0.0271	-0.0158
		0	-0.004	-0.1355
		0	-0.0059	-0.0398
		0	0.015	-0.0478
		0	0.0313	-0.0478
		0	0.0553	0.0161
		0	0.0353	-0.0238
		0	0.0388	-0.0797
		0	0.0318	-0.0957
		0	0.0311	0.0002
		0	-0.0055	-0.0957
		0	0.0311	-0.0398
		0	0.0147	-0.0637
		0	0.0153	-0.0557
		0	0.0392	-0.0238
		0	0.0122	-0.0478
		0	0.019	-0.0478
		0	0.0073	-0.1036
		0	0.0479	-0.0078
		0	0.0273	-0.0877
		0	0.0547	0.0161
		0	0.0271	-0.0238
		0	0.0198	-0.0398
		0	0.0311	-0.0398
		0	0.0394	-0.0398
		0	0.0113	-0.0398
		0	0.0187	-0.0158
		0	0.0158	-0.0158
		0	0.032	-0.0238
		0	0.0153	-0.0478
		0	0.019	-0.0557
		0	0.0311	-0.0398
		0	0.0198	-0.0797
		0	0.0474	-0.0238
		0	0.0311	-0.0797
		0	0.0513	-0.0158
		0	0.0392	-0.0238
		0	0.0153	0.0002
		0	0.0119	-0.0797
		0	0.0271	-0.0797
		0	0.0351	-0.0797
		0	0.0158	-0.0877
		0	-0.0011	-0.0478
		0	0.0311	-0.0478
		0	0.0513	-0.0078
		0	0.0153	-0.0557
		0	0.0193	-0.1196
		0	0.0184	-0.0637
		0	0.0349	0.0002
		0	0.0184	-0.0478
		0	0.0271	-0.0478
		0	0.0158	-0.0557
		0	0.019	-0.0637
		0	-0.0037	-0.1275
		0	-0.0008	-0.0478
		0	0.0198	-0.0797
		0	0.0069	-0.0877
		0	0.0553	-0.0398
		0	0.0119	-0.0557
		0	0.0069	-0.0877
		0	0.0353	-0.0158
		0	0.011	-0.0637
		0	0.0313	-0.0238
		0	0.0313	-0.0078
		0	0.0309	-0.0637
		0	0.0388	-0.0797
		0	0.0187	-0.0478
		0	0.039	0.0002
		0	0.019	-0.0637
		0	0.0347	-0.0478
		0	0.0392	-0.0478
		0	0.0193	-0.0637
		0	0.0273	-0.0398
		0	0.0193	-0.0877
		0	0.0358	-0.0158
		0	0.0273	-0.0637
		0	0.0268	-0.0398
		0	0.0147	-0.0398
		0	0.0313	-0.0478
		0	0.0082	-0.0238
		0	-0.0008	-0.0398
		0	0.0122	-0.0877
		0	0.0349	-0.0478
		0	0.0472	0.0321
		0	0.011	-0.0797
		0	0.0079	-0.0158
		0	0.0517	0.0002
		0	0.015	-0.0797
		0	0.0311	-0.0398
		0	0.0392	-0.0797
		0	0.0552	0.0161
		0	0.0318	-0.0238
		0	0.0394	-0.0158
		0	0.0201	-0.0557
		0	0.0003	-0.0398


 element
wave