Mozilla/5.0 (Macintosh; Intel Mac OS X 10_9_5) AppleWebKit/537.36 (KHTML, like Gecko) Chrome/45.0.2454.93 Safari/537.36

 standard_deviation

 standard_deviation_mean
	0	0.0116	-0.0659

 standard_deviation
	0	0.0001	0.0012

 slope_aggression
	0	0.0147	0.0398

 sum
	0	1.112	5.3185

 raw
		0	0.0076	-0.0957
		0	0.0115	-0.0717
		0	-0.0087	-0.1036
		0	-0.008	-0.0558
		0	-0.0038	-0.0318
		0	-0.0004	-0.0877
		0	0.0155	-0.0877
		0	0.0074	-0.0877
		0	-0.0001	-0.1275
		0	-0.0004	-0.1116
		0	-0.0085	-0.0957
		0	0.0074	-0.0877
		0	-0.0001	-0.0877
		0	0.0076	-0.1036
		0	-0.0004	-0.0238
		0	0.0561	-0.0478
		0	0.0157	-0.0478
		0	0.0155	-0.0478
		0	0.0074	-0.0957
		0	0.0358	-0.0637
		0	-0.0087	-0.0877
		0	0.0357	-0.0158
		0	0.0196	-0.0717
		0	0.028	-0.0238
		0	0.0119	-0.0877
		0	-0.0001	-0.0318
		0	-0.012	-0.1831
		0	0.0076	-0.0637
		0	-0.0006	-0.1275
		0	0.0115	-0.1275
		0	0.0276	-0.1036
		0	0.0076	-0.0238
		0	0.0195	-0.0558
		0	-0.0001	-0.1036
		0	0.0076	-0.0717
		0	0.0155	-0.0717
		0	0.0079	-0.1116
		0	0.0119	-0.0558
		0	0.0398	-0.0158
		0	0.0196	-0.0079
		0	0.0116	-0.0717
		0	0.0115	-0.0637
		0	0.0116	-0.1275
		0	0.0115	-0.0079
		0	0.0317	-0.0637
		0	0.0081	-0.0318
		0	0.0398	-0.0238
		0	-0.008	-0.1036
		0	0.0276	-0.0318
		0	0.02	-0.0717
		0	0.0113	-0.0318
		0	0.0196	-0.0238
		0	0.0155	-0.0478
		0	-0.0001	-0.0717
		0	-0.0004	-0.0877
		0	0.0115	-0.0637
		0	0.0197	-0.0558
		0	0.0316	-0.0318
		0	-0.0004	-0.0158
		0	-0.004	-0.0478
		0	0.0316	-0.0238
		0	0.0116	-0.0637
		0	0.0276	0.0161
		0	-0.0085	-0.0877
		0	0.0197	-0.0478
		0	0.0116	-0.0637
		0	0.0116	-0.0158
		0	0.0113	-0.0717
		0	0.0197	-0.1036
		0	0.0276	-0.0318
		0	0.0157	-0.1116
		0	0.0319	0.0081
		0	0.0074	-0.0877
		0	-0.0049	-0.1036
		0	0.0157	-0.0478
		0	0.0076	-0.0877
		0	-0.0045	-0.0637
		0	0.0116	-0.0637
		0	0.0079	-0.0717
		0	0.0154	-0.0717
		0	-0.0087	-0.0637


 element
wave